6565
9160
6296
1098
3964
4725
2721
3382
7948
4492
2325
8073
3566
2453
3671
2754
4933
8349
786
3075
5040
3671
9025
8846
8389
6996
3289
3190
4921
5324
5896
5857
2271
3261
4057
8187
7122
9383
4491
286
9193
5182
5010
4766
3966
2952
3349
7914
1198
5354
2174
4913
2548
8706
7170
2893
134
7450
2708
6968
1435
9531
8461
2624
8596
6467
5802
305
8395
5483
5632
5550
3858
499
3882
9857
8661
4258
4879
5437
3647
5375
1991
9567
3149
983
3309
3564
6090
1163
8053
9672
6675
7523
8851
9662
6721
2385
6170
7498
7149
3044
9518
5714
9721
6624
1055
2049
4824
7313
4231
5875
2570
7270
3320
6060
7539
8894
9475
7612
3158
2238
4214
7232
7430
5960
8874
6334
1647
4219
3136
6275
8087
7381
8288
603
5856
6276
9845
6524
9927
1260
8739
8777
6932
2177
7102
9405
4202
2791
2122
7826
2910
8558
4339
4910
8829
2286
8284
3761
7750
4720
401
604
4176
7955
7788
5188
8982
2717
203
1262
9048
2950
7685
1898
3498
5437
299
5253
8858
9469
2131
8856
2097
5310
3365
9529
3041
3377
1774
3569
7992
6084
8774
5207
858
8134
4600
8976
4389
1913
422
1485
2587
860
8777
9960
872
2441
1412
3391
1987
3030
4903
8280
2588
1544
8507
8866
4590
8258
2146
5604
943
6634
3269
2964
4176
2477
1039
5363
837
1323
864
6944
9046
646
6269
1236
6532
3405
8656
600
1965
8382
1582
4962
1181
493
2618
9314
9626
5734
4386
6130
9766
4818
542
5953
7590
5812
5783
8394
1401
6048
2554
663
2166
7958
9233
1942
5275
7270
2333
1185
9601
1546
3639
2560
5051
8307
1783
3682
9859
1725
5736
5102
6936
4733
7177
4228
103
315
3646
719
7621
261
9198
5916
5828
918
2795
3222
1259
675
4038
2355
3400
3200
6528
8220
1178
7981
901
9282
4029
2100
8535
9676
311
7451
3726
7432
780
5005
1838
4959
3624
1614
3563
9339
2347
7722
6732
4132
5512
8561
2423
9183
7686
3381
1701
3736
8204
8957
3049
2121
9414
4364
6690
5520
1726
9522
5605
8376
7191
5362
2441
6254
8837
9078
8731
1786
9637
7188
5872
3456
1249
6768
3770
5468
9677
9351
1989
6930
5749
9990
9227
1823
1956
9716
5545
9260
4923
8043
7613
2825
2116
8355
6940
149
6119
6169
346
8608
4649
9915
4099
1015
3085
9593
872
2645
594
1222
5842
2374
7532
8675
2626
7201
6134
618
4298
9120
3532
9471
6862
1593
9575
3046
1339
2894
9827
3620
9348
3508
9005
3381
2280
5834
5891
8212
8738
2362
8844
2900
8666
3701
2200
5238
5292
3441
5728
9739
4014
5500
1871
1225
5075
5177
3052
2505
1440
38
8254
7977
2817
6973
1873
2333
3369
4151
6394
6792
1309
7922
1880
1935
275
632
805
3160
9393
4336
7753
7897
7166
88
9605
3847
1637
7779
8305
7102
2781
3386
6771
8699
4108
867
83
1692
1828
9866
1869
1141
7047
8936
8430
6092
3620
9935
949
4443
4372
9891
3111
7103
2284
356
811
2729
7367
8025
696
5589
5845
9291
4010
7923
1151
3180
7827
9408
548
9112
1332
9526
2467
6612
850
8230
1657
3513
227
1702
6829
3862
2730
2889
274
9667
6415
3751
56
7354
4325
3802
9170
6279
5296
7755
4925
506
4941
439
2108
1541
3894
5260
8559
3585
4636
5672
9506
2580
1071
3853
7798
8993
8760
1982
6561
1120
7649
1483
6764
4075
9352
3194
4787
7529
356
6188
1315
3094
3304
1150
8572
9787
9593
5288
9967
7470
4330
6689
5031
743
4245
7475
6282
471
6004
176
7518
3313
1194
3805
2857
3458
3675
8033
2188
700
472
1029
3228
8447
4356
6412
9276
9920
5281
8010
9400
3472
2015
9090
6790
959
6451
6020
9830
1877
6912
4316
1524
180
8669
8001
1899
9499
8292
5114
6112
1560
3099
9267
6997
3300
3460
6583
6387
7833
8198
6361
5189
7994
776
4046
1298
2103
7014
1898
7006
7654
8202
311
3788
6156
9504
3048
9778
6354
4512
9776
1628
166
1898
7839
372
2747
2093
3489
7499
9867
9633
1997
3678
550
9126
3530
9404
4622
6702
9795
2484
6394
8107
8458
3358
2787
5479
840
3795
412
6805
32
3320
8421
4733
5022
6095
2936
3674
8550
10
3525
4398
7139
8020
6205
6633
3237
7030
5974
3644
5155
9652
4716
7292
5233
2059
3440
4481
7584
7268
1252
9693
7086
3061
9601
8676
5256
5817
4103
7435
6467
948
8151
9785
8959
1995
967
437
7152
6154
2241
3810
7821
6768
1649
380
8603
1129
9499
2963
2655
8455
6089
1282
8757
3831
7312
4077
8419
7529
1377
7420
2926
8539
7176
4207
1500
4931
8333
3237
1091
3002
7329
1430
5026
7441
1872
318
1412
9220
72
4126
6317
1140
4779
8012
4858
6869
1027
5127
4683
6890
2018
9623
4777
4821
884
9282
9591
7441
8880
3672
2796
6262
1872
9652
1126
4658
6255
1315
1959
6993
2665
9198
7456
7250
1102
1786
3759
9164
9348
4630
3903
3205
8553
4201
984
7705
6653
204
6557
2589
726
3970
340
6399
1330
54
9267
5126
6885
200
613
9711
3167
7689
4224
2819
2166
7526
3719
9097
5523
426
8093
4249
9768
9590
7708
7670
8668
3420
8005
6051
4757
9369
6267
8695
8857
1056
5920
1047
2518
8632
2278
9148
4017
4191
37
864
9976
8164
5538
9127
6485
7460
7066
299
5877
6091
6631
1739
2346
1597
6458
3465
2195
4562
4954
3798
1422
5529
3962
1110
1606
2671
6579
6890
8147
8944
232
5577
9552
6844
7693
503
7881
8878
9565
7297
2303
5967
2818
2766
4425
4181
8701
921
2174
8813
6953
9454
9237
6239
9441
4447
4202
4428
7521
3813
881
176
2151
6932
5859
1053
2186
5501
3903
5954
5583
3316
4996
7656
1494
5455
2710
1195
6685
7424
3970
5657
4715
9334
1991
777
6339
3313
7403
3246
6300
3453
1357
5751
6416
2126
3815
5885
6907
3371
1994
3200
7018
6220
3230
3636
4457
1581
4744
3986
1736
3007
7743
96
9843
5223
5461
2817
4940
5081
4714
8873
8098
656
9653
2129
1959
9245
1240
9368
1639
6825
4287
3313
5430
769
8639
8495
6103
8355
6319
4758
8568
3416
1509
3293
5710
1260
5907
1193
6665
997
945
1825
8656
3121
5102
6361
6566
1100
1676
5212
340
5376
2346
4911
8719
4429
4666
9073
6583
6965
6713
6585
8761
9955
304
4681
9147
6360
6419
699
3337
47
2702
641
5880
2461
4656
2308
5667
2278
1929
5003
6678
1107
4417
3191
1069
6597
4574
1281
6594
6833
4609
9699
4284
4359
3064
8700
2816
420
7213
206
4681
977
1875
293
2674
1705
9031
6257
9772
2357
3406
4305
5036
1710
9907
7654
5538
7113
3611
2549
1785
5138
4104
6503
5437
3003
6357
1520
9397
5955
9491
5247
5064
1722
321
5701
9231
4124
517
9364
7566
8317
1508
4237
3427
304
4662
2574
4452
5409
3162
5703
6809
4664
8420
9543
6873
5371
4855
9671
5348
7510
6859
3816
2866
8159
9240
3314
1388
4205
8423
1413
6596
4246
4983
3468
3629
9867
3075
5133
8340
3782
7068
3988
2793
3788
8437
400
3302
777
8828
3860
9268
845
4016
55
1457
7691
1371
5268
1063
1348
1185
246
6986
1748
9107
2562
9680
4951
5914
7005
2295
9721
1330
1565
442
2870
1023
9078
9721
8839
11
610
5377
4562
2145
5750
230
4927
2010
5938
8496
7807
4070
6992
2597
6822
7002
1044
4680
5875
719
8350
4863
1822
1564
9546
9515
2451
9613
8587
6667
2292
5547
2223
1336
574
4868
2423
9603
3356
2332
4752
2941
9975
8509
4488
5651
4338
8967
3619
5868
9979
4397
3846
8120
1661
5747
3555
2998
2598
6235
7779
5314
3423
9270
6203
2260
1846
5655
2023
1954
4579
1441
1324
3543
5966
5409
4887
3312
7075
3895
5176
3483
5994
2718
6688
7895
1701
4103
9675
4827
1312
9424
7004
7121
4553
9438
9517
705
2306
2228
3805
8682
6944
1665
1288
8538
3073
303
2153
6251
859
243
5922
8703
1058
4295
9320
704
2581
8307
558
7743
5979
7195
641
5154
4436
4202
8989
6528
5891
4182
1005
4847
90
6493
6538
4328
1430
8150
4822
1398
1949
3423
3968
1069
3501
8301
6062
257
118
8812
8124
3999
1669
6061
2703
9749
1023
6134
4101
8870
1313
5625
359
6677
9237
1075
8613
4564
7756
4991
9274
4430
3485
9160
5793
2556
3227
9572
1652
6135
8139
8732
6409
7079
6057
7006
3178
4028
3790
6789
3305
5296
4048
5951
84
6324
3063
7290
1831
2426
9688
1497
2500
5126
9537
3693
513
2508
268
147
6521
1450
4481
7966
730
2581
9215
3280
619
2231
7897
4585
774
966
1685
3978
382
7533
9075
9468
9492
5936
7741
9226
6446
6642
6231
1283
7541
2364
6492
669
3759
3643
268
1854
814
6082
5221
7503
7109
9783
6671
9599
4529
5102
723
1534
3440
5559
3311
2980
3432
800
654
584
3709
5255
1519
4088
6349
7932
5739
8254
5738
7227
825
7130
698
9831
3163
4299
2311
1572
2359
9708
9264
8141
4696
1344
5918
4697
7842
1981
9053
3511
7236
2959
2988
9683
8145
5559
4562
1132
1153
9176
4044
8417
3860
7302
4277
3592
835
3609
2395
9011
668
1860
8440
946
1320
5567
558
175
8169
1652
90
3757
9200
2227
9991
7866
4142
1014
1685
7603
9737
1179
418
3182
5664
847
4281
7394
7066
2325
3861
4232
9586
42
2843
5375
4518
2042
8363
2578
5001
4386
2962
9501
9086
286
9216
1633
7311
6411
9450
9820
1924
4791
9273
9489
1442
5257
5281
472
1286
3164
3108
5843
7791
5857
4171
9157
9383
4615
3347
2100
2651
9107
2602
5350
8216
917
4096
5377
1630
2647
83
655
2875
4040
2308
4794
769
3353
3933
9261
6760
7890
1291
1836
1277
7119
1709
3229
6115
59
2249
2695
3063
7350
7169
2816
2189
3923
1273
525
1161
9904
8842
8638
3081
2453
2968
3751
3548
9376
8388
6030
681
4085
5339
4761
7815
766
4072
1097
9207
867
9261
1571
397
7387
7591
5525
6871
9491
2605
6845
2080
3407
8100
6855
9047
2653
8755
8824
4150
7958
9680
6739
1670
6219
2014
8978
2010
2407
5001
1423
9850
176
1318
294
642
7271
8240
5693
4861
7443
6879
4056
6771
1542
3949
7274
5985
8484
5713
5162
2010
5248
6946
1248
1186
2522
9900
4178
5373
8613
3514
4463
4490
1182
6995
1904
2089
7805
6212
1776
4412
3062
3962
6707
1078
5623
9967
127
2269
4739
2992
3526
6694
9839
9412
4602
3229
69
9107
8120
7370
4062
320
6248
3928
2416
9566
5589
4547
2045
5184
8180
2271
3937
749
8948
1285
238
170
5563
2555
9773
1909
633
5621
9988
7769
4651
1769
2392
8674
2020
8698
8092
4405
349
2741
7714
2779
8662
6057
4377
5579
223
9555
4812
1254
2756
9089
464
3317
2991
9899
3544
5565
7597
2153
9686
627
3939
4646
4914
3820
2154
3371
3164
9482
4179
9532
400
6206
3570
7459
1507
9506
8177
4193
1685
1078
808
8734
5012
5562
1304
9075
5682
2121
5153
2527
6808
8196
3055
7087
8839
4015
1142
557
3424
6852
6391
5330
7075
3224
8689
4258
9746
5531
8391
4038
7387
3403
467
8608
9818
5205
9634
9352
2516
3079
7688
1042
4328
1651
2724
2203
3150
6483
8619
7491
8364
7620
768
4833
4686
5478
1658
1788
6873
7045
9329
151
3729
1115
5139
3404
7728
4446
7268
3633
4381
1789
8041
345
9163
5348
1001
5423
499
6485
1107
3262
6912
900
5673
9767
2634
5634
3921
4339
3547
7845
2479
5470
3750
7537
7312
3212
6511
9319
4474
8704
9214
4985
3109
6574
9579
423
5670
9337
4477
6234
1288
387
5938
6066
3238
2829
5441
5372
769
2094
524
2929
86
6536
9309
2570
6595
1625
8036
7788
8911
1180
2010
2403
4047
1926
7790
9099
188
2210
9964
4583
9862
7312
6556
2092
9532
7683
4298
4482
7771
1139
8549
2380
8179
6285
4898
6573
7264
7008
3828
4044
1301
6688
7322
108
8376
3534
2019
1312
5039
6342
5184
8559
2130
5941
3066
2774
9979
7217
3038
8911
7327
3553
17
7772
2630
9630
4224
7761
7027
1216
1834
3179
8382
5919
3282
3174
9989
6448
3715
5997
5664
2986
9443
1428
5954
9990
250
2238
3218
2123
6594
47
3969
4917
6717
7748
6670
9550
7478
8745
9309
4257
4285
3822
4508
2004
176
6210
2658
9892
2785
3531
3502
7040
3247
4341
4109
8588
1818
2639
9380
1986
4542
4903
4622
1787
9210
3465
9202
5533
6503
438
8969
4969
6688
1406
8700
5621
6920
3949
9813
4039
9579
3325
9338
3062
6545
6928
1670
2376
3638
8082
7731
4838
9365
7322
9714
9381
9199
2721
2793
6711
7007
7124
3389
2346
4561
8532
352
1840
5640
8488
1667
7868
2825
5340
2407
1217
5565
1559
5242
2282
1795
6826
1895
8420
2707
4131
5604
9365
1692
9319
6421
4199
1155
3102
7032
2454
9936
6991
8501
8012
6576
9829
6735
5149
6414
9863
2013
4024
4915
8497
3816
7639
7479
511
4916
180
5229
4969
9639
430
2927
986
147
6320
2067
7468
6712
9723
8308
9953
1280
8574
3058
7229
5705
1965
90
6745
2005
2843
2117
1579
4450
3195
5503
8781
6720
643
8185
6851
7224
4967
7351
8071
5084
5589
9682
415
3082
8946
3150
2289
5715
4962
7216
5242
4581
249
4805
2951
89
8484
2963
6795
8312
1348
6535
6952
817
3285
747
6068
1537
1456
2728
6313
1222
4986
2144
115
2282
9675
3662
3059
9693
9828
5864
9488
5978
261
4200
6470
5838
5234
6761
8740
2003
555
9759
3736
9054
2729
9597
9797
8199
7081
752
4258
2233
902
4019
9594
8104
4690
668
414
4821
9904
7102
8484
5483
7047
973
556
9084
4276
230
6303
4695
3987
4310
666
5227
8408
1061
9552
77
3865
4860
2611
9075
1605
7254
5075
6241
4605
8366
1147
4565
6347
3918
2099
3453
1275
8252
2006
1756
9041
712
3922
6850
4448
9563
8245
6592
3352
4367
9696
3628
1116
336
956
5044
4490
9408
3878
9792
5898
4314
4479
5910
9082
1738
8347
69
2210
7213
3951
155
9055
7796
1035
3152
937
5760
4627
2041
9008
8482
2889
237
8669
7519
3449
6011
2962
7055
8962
1867
4374
2213
5857
4727
6233
8011
7768
2710
1216
8176
4382
6139
416
9541
4573
3319
9300
7804
4106
8730
4780
1836
783
7415
1425
4241
7241
1562
8289
2335
7107
5155
8251
2084
5781
6841
1939
6308
6918
2925
7992
1917
825
832
4100
6750
9821
9128
2946
129
6711
5158
2949
232
7086
2537
1430
8441
3302
1992
770
6205
4421
8880
1069
9227
7887
8332
3760
7732
1380
2992
885
1180
737
2863
1011
9951
3315
4675
4419
8113
8616
8159
5624
1948
2205
8019
4997
3243
5411
3497
3005
4926
2155
1787
7495
1944
9762
4872
8862
1489
5367
5214
8749
3719
4272
1768
9494
4222
1525
1478
5126
8627
7572
2657
7588
6262
3256
9120
7021
9868
3334
516
2321
7883
9986
5959
9025
8950
5367
9067
188
8442
5812
2930
2745
3401
9409
1905
7676
437
8524
774
1718
3932
8370
4378
7353
9498
4198
1233
8687
642
7851
8993
8154
4851
2893
866
3732
8313
2743
543
8855
2457
1289
6683
2814
4641
9911
4187
6852
1351
1444
6584
1343
2559
8797
8388
9512
5607
8605
9526
4752
4134
380
9546
591
6819
4775
7894
508
8543
8172
9362
7693
7980
1919
9260
2642
1687
1564
2711
9586
11
4381
7335
9198
1267
7649
5594
6053
4505
1354
8125
9708
3216
5791
4720
2076
1742
6092
5995
9866
2017
3678
8308
3179
2081
8890
3362
640
9537
5745
7824
4043
5893
9940
4741
9752
3044
348
9324
9169
9180
1840
6003
7189
47
9654
4477
2189
7198
7183
899
5595
5569
2845
7569
6332
6072
4156
7116
2377
4287
4954
6516
8759
3529
4081
3814
3276
1050
4967
9032
1394
6767
6825
685
176
7675
1119
3132
2426
4413
1173
3441
2353
4845
2229
8473
3047
2371
8409
3680
8888
3231
6946
4882
4226
5324
7243
3659
5965
5840
1200
1139
2231
8151
9505
8827
8743
2160
7392
8656
4953
1024
4690
7963
3113
1513
4163
3913
1300
5608
766
905
2640
1287
143
8162
9820
1943
6459
4852
432
7459
7166
6586
3212
34
1210
4201
5340
3401
9730
887
4978
9752
8726
7863
8541
8982
1768
2713
1161
3329
2359
357
5073
294
8498
943
8008
1342
9006
6799
5700
2539
8224
7493
3857
8103
4751
3079
302
9962
8573
7898
5877
9879
5926
2887
2560
2279
9621
837
175
3746
3691
7102
5100
6809
1512
2917
1535
267
6193
3997
4395
2930
5186
2439
1528
1233
4006
437
4231
8688
2410
1199
4755
4460
4479
5194
4368
5610
8382
5728
1721
8168
6624
1954
8848
1121
2393
7047
6590
1833
1543
35
3768
4576
3503
2946
4692
3487
1359
1327
8273
9183
6606
1486
1335
2492
2346
640
2330
6318
8549
5925
1884
464
2275
6226
6306
3232
3590
406
8839
6958
3846
2398
7145
2374
7430
179
956
1532
502
880
4251
7054
7455
2538
1562
5137
618
6356
8775
1753
4717
272
3283
5618
8150
3304
2301
7277
6640
1459
9896
952
2488
1314
5336
4207
4341
8960
5061
2166
9683
797
5816
7668
1674
4830
3009
9737
4664
1169
2613
7234
1631
7086
2241
3574
9114
1527
4223
4125
7878
3679
4892
9042
983
3298
4566
6140
7201
7354
796
1658
1294
6608
2069
3919
4456
5615
3943
3320
294
2564
2613
5470
8846
2662
9320
5401
9073
1762
5093
2813
4736
936
4288
6004
5905
6773
6684
8375
263
6869
2535
7309
372
955
5939
5022
5016
8321
9118
3499
7583
903
3831
5313
1066
9421
196
8321
3977
9164
7066
5438
2261
7982
6921
358
2319
6065
8014
7682
8930
5568
3057
3425
28
5303
5097
7891
6723
4298
384
751
2644
1593
5230
3833
7104
8975
4938
6483
6577
8363
4397
1098
9802
7097
5048
2390
4033
5580
2703
8951
307
1435
4569
2015
7845
405
5285
5762
4323
2305
1597
9679
8780
6315
2793
668
2751
3087
3253
3344
1127
1530
1104
566
1170
1958
3623
2931
255
2707
3857
1142
1595
1433
443
1208
7024
3215
5987
6699
3689
9175
2160
4272
6766
4717
2318
3486
4303
4379
9638
946
2327
9358
7823
8777
330
4002
844
5887
6782
2354
5506
1616
8448
454
8084
7346
5871
1585
3643
9536
7099
6554
9655
1951
9369
6832
3800
6452
9639
136
8628
5875
3069
2910
8815
2236
3609
1665
878
3021
2370
100
9916
1335
3668
544
5824
6311
6633
4972
7615
2718
735
101
3846
5772
9703
5872
9407
3497
201
4391
6248
6646
3726
9630
8547
5537
1639
5847
3737
4205
707
622
7165
6999
6638
8319
8282
8825
1008
7489
9819
4667
2521
5909
5139
2967
9064
3043
2533
7737
2258
7380
2819
7979
3851
3270
7609
4037
1996
286
4671
785
1234
3409
2010
113
2936
6847
9134
1383
7589
581
2489
2712
4572
1580
4124
7816
4491
5579
6473
8595
3314
6000
1947
3327
7802
9186
3147
3367
710
4244
6828
721
2817
9033
3432
9112
3899
5026
31
2217
3909
1149
147
1676
4890
107
3406
2271
9145
9792
9546
6417
3813
6075
7471
5234
1461
8683
2311
3749
3699
5766
672
3344
3752
1767
9894
5538
8148
5012
3917
9464
5548
4255
4686
2164
5852
271
8436
7694
5779
876
4222
917
4697
411
6908
6741
1562
8197
7650
5215
2715
6281
8517
8142
476
6802
7923
3123
213
7868
4123
4132
5875
81
868
9557
1389
5306
9382
1190
247
4616
7969
2823
1543
9755
8647
3341
4859
3152
3975
9950
7362
8701
6749
9266
5738
6544
1687
9050
2347
5312
7481
7911
6753
90
5041
4615
9543
7350
5352
6255
8815
6459
4967
8098
8312
5694
6599
721
8155
4582
8263
7060
3892
4173
6770
7173
3332
1601
3819
4844
3619
332
8843
4934
7135
58
6070
1453
4713
4031
3797
7509
7799
7720
1134
902
3734
8651
954
43
9945
965
894
7764
7049
420
4018
2579
3320
7867
1283
7941
3530
507
2636
8483
7616
32
962
8253
9624
5145
6007
4124
784
754
9260
6172
3038
5867
3439
4680
646
3776
4899
2653
9437
1078
7885
6715
6039
3490
8133
6845
2747
5855
3978
7292
5084
2650
3286
3701
7688
2700
418
4799
4957
6769
6979
6294
1159
7846
9540
7452
4428
6603
7294
9754
5608
9982
9046
6537
2147
4247
2213
6134
7012
9162
1377
4929
6776
1968
1088
388
2581
9737
6992
7946
3357
100
7695
2667
4098
1591
5555
8193
3949
680
2417
6144
8561
4224
1684
5101
3604
6748
1554
3441
486
4284
7787
5795
5392
2050
9517
9190
6758
9152
4871
4690
9611
9348
6396
5507
2286
6378
2438
555
8691
4020
2185
6331
6745
5233
6368
2551
284
5986
6784
5832
8183
3551
7459
9073
2312
1900
7274
2048
2073
6365
1435
4796
5809
7726
6533
9212
7827
6176
2814
7225
4309
998
4749
6466
2098
1455
9050
159
5682
6966
8905
771
2367
9038
6506
6060
1889
7323
3195
386
9103
390
8482
2326
2584
7388
522
9018
8700
7155
4724
4108
3171
9559
1522
7185
8801
992
6974
856
2849
7115
6365
5107
7459
663
2429
6770
1219
472
7322
504
2980
2427
8121
3919
2515
2423
3881
4710
933
31
1459
8526
2242
4797
7600
2808
7515
9321
7258
896
349
2338
7537
1988
4024
3375
4866
1921
4959
3752
7798
8227
9832
4219
1127
743
1437
7603
4669
6378
7110
2264
9923
2817
5655
7839
2865
2662
3063
9620
9254
1898
3214
6425
155
642
4890
6133
9894
9140
7557
1960
9750
7181
2232
3232
8693
8022
3669
6856
1371
9912
4652
880
3786
8084
2415
4719
6332
6185
510
2203
8858
5339
4498
5900
5012
3406
4064
485
5853
5304
7709
5528
8820
5150
2513
2741
584
2423
9145
4842
8993
6206
8249
9341
7246
2333
2639
2070
8226
170
9800
3709
8630
5353
3102
4411
2683
6332
8219
5287
3957
3183
1003
6067
2203
9123
2059
8635
5571
9673
4134
3909
7040
5667
3209
2651
7089
5156
8654
2678
767
1994
2259
5682
5503
3999
6897
3467
2048
8102
58
4252
4203
3858
884
5810
5203
2181
7138
8122
274
4003
6499
8552
6035
5890
6668
2963
2143
450
7321
7526
7677
5541
4519
1963
924
5321
563
8203
2225
8592
6587
7468
9615
9882
9706
3182
4782
7399
7448
4907
8017
531
2404
6763
5494
3706
9646
9613
7330
3934
1323
1598
780
2531
6574
8661
9338
8921
4885
9882
1618
8935
5897
1681
7416
9030
8937
6153
6183
3486
8180
4744
3001
2413
9509
7146
3136
7756
6468
7218
5674
949
872
8290
7269
4989
6688
7083
3307
1044
3843
5861
2514
7566
3289
9082
4634
723
9347
6464
4768
3493
3429
3844
5753
6578
8596
8367
3022
9428
5525
1582
2452
7667
4207
668
8063
7606
4411
2426
2341
1854
2845
5138
9643
2319
2229
5434
9124
427
2511
2413
8408
4
2449
2181
7520
7028
2537
690
6392
8321
4060
3879
5519
2261
3408
4846
3358
2620
1019
7027
6311
6920
4122
2913
647
8290
4201
3434
4348
3161
9242
2595
6916
3111
3173
2447
5217
2026
3148
1035
5069
3721
6034
4020
7793
8966
9619
7381
8910
7382
2075
6503
9408
5484
6102
1488
5881
9536
1533
9229
2826
9102
6341
3230
9078
1465
6962
2407
9087
960
9629
1332
9472
9983
1957
2590
885
102
5120
1681
8671
6819
4523
6965
1085
2739
3187
1432
7009
1684
6566
5681
492
3919
8208
5966
7379
2803
4942
6328
2003
7211
8293
7949
7753
743
7031
9424
3527
3512
602
5779
4416
9852
557
6007
4579
9375
2144
6339
8277
5530
5398
7402
4394
3948
839
5553
1775
5990
5210
8082
5159
8791
9677
1460
8526
6573
9212
342
5708
3763
7905
3497
1082
786
1264
640
3361
2201
1387
8003
658
8602
8050
6473
1812
890
3554
3804
9903
1477
7648
7536
8301
2520
619
5624
175
9096
7481
8006
163
1802
631
4514
7625
1901
6320
3608
2683
199
2191
9574
4603
7207
7423
6557
740
3203
9648
7635
3018
5408
439
4230
6114
368
5196
8562
166
5640
464
4265
4720
3380
7840
8856
7971
3536
8848
9911
4570
9946
1120
9703
9286
8073
2932
1093
5096
4062
4884
6971
9448
9845
4987
4754
1363
6400
8399
7256
6705
7758
3441
7043
9734
7926
4854
1222
9366
8567
8585
7204
4355
9736
3065
3072
4287
735
4943
8041
7436
4102
3465
6103
756
3493
4816
4874
8393
3085
7492
1570
5136
1592
3206
6811
6504
4077
9969
1359
3219
1709
1726
6529
5477
7679
2616
9711
6780
1915
467
628
1456
358
9820
2602
4292
7338
6287
6241
3109
9980
2829
6281
1074
7014
2067
2763
6530
6253
6567
210
766
3583
4821
5726
2375
6936
626
3076
876
5105
8093
6477
2618
6864
114
4778
1771
603
2518
9166
7789
3727
8250
3238
8880
5445
5454
8462
5612
9853
3181
527
5347
257
9861
7872
5536
4093
226
7356
6711
3211
5364
8004
1886
6351
3662
4210
6900
7289
991
5926
3734
7401
2420
7038
5333
1582
6845
6930
1482
2163
7464
1023
1923
7566
1129
2361
7002
2241
9241
7678
376
5162
2455
4578
8363
245
1352
2528
1782
1243
1562
8322
8862
7254
6792
7946
7836
2823
2539
3953
7247
3296
5873
4547
5746
4340
6080
4320
5221
1301
7207
4658
8048
3313
5549
8572
4945
7841
8675
5088
230
4317
5147
238
601
9141
2161
4669
774
3183
4524
4179
9702
5287
430
7080
9288
7907
8832
4022
4164
7031
7307
480
4035
6903
274
5548
1704
8220
3000
9995
4148
7450
3722
2930
8148
5635
3946
6605
2179
1411
3546
2038
6777
3028
4956
2760
2882
8469
9283
7038
9009
4653
923
3199
7009
4666
6202
3697
8866
6612
2964
2553
182
4528
30
2251
1564
7499
8931
3653
3961
2226
1842
2753
3485
5268
3703
1007
1946
7514
2666
3234
8937
5962
986
9495
6527
523
5920
3481
9432
248
7738
5566
8446
992
1856
2248
2997
2705
1195
5383
9538
5629
3076
6782
2810
8169
9713
1740
963
5195
1750
1352
3946
9729
3616
4219
3542
535
5723
1041
1578
5449
4221
3713
4488
6276
4307
2492
3412
1454
8009
9241
6319
7283
3696
3307
2886
4203
6685
8357
810
4180
2518
4236
8497
6386
1620
8716
7376
7636
8706
2462
6981
153
3804
4088
1407
9362
2294
6534
3862
7220
8327
9508
7186
2509
5033
6663
6033
308
1332
9338
3850
7365
231
7398
2930
9984
5216
8101
4655
5590
5116
5776
2748
5546
2259
6165
3478
9607
1900
3523
1909
150
4494
3589
5852
3009
7049
5987
1353
4957
2683
7068
6303
9368
8611
9615
9922
6405
1157
1422
4146
4192
1878
8272
2104
2551
6760
1639
250
8867
3184
6425
8408
7809
7428
3699
2871
6641
1546
9921
2934
9228
6748
9698
2907
8048
9472
3379
6935
2643
6242
7072
8450
477
9377
7717
8272
6222
1485
3300
6249
5410
5737
2485
1772
6258
8659
8494
1939
4911
6744
3280
4859
1236
8488
4917
7443
2180
5365
4055
3079
3380
4704
7606
2625
6111
7975
7930
8431
9711
5427
6648
5156
8246
3672
7524
3490
4263
7925
6648
9388
977
1440
2023
5898
2961
2213
7213
1989
4459
273
6092
857
7429
220
2868
705
8131
9859
5661
8283
728
62
2227
9484
96
8124
6613
7564
963
1426
3179
4254
8716
4667
2102
1940
2681
1707
9664
3897
761
5941
3972
9438
9335
5791
7727
8025
803
6819
5359
4404
2264
8365
8659
914
9212
2538
5802
4837
5600
9648
1025
3032
7093
1837
2140
2762
8118
928
8024
6423
195
1763
7521
4787
6090
2789
149
4304
397
8587
6760
4144
6067
8775
1990
350
6007
1187
2727
142
5904
4826
8297
1113
4916
940
2344
7497
3650
4964
9907
9875
8794
8936
4208
501
844
3872
4824
6423
2389
1498
4439
7012
2887
6881
6965
8317
9847
1789
6755
6930
8200
7882
518
5368
3465
6408
9870
5149
444
2651
653
5432
8680
6885
5349
7130
4566
1489
9506
2134
6363
6304
7752
4406
387
1284
8225
8034
3974
4027
7650
1861
8209
2976
1675
912
8417
8840
7035
4436
4001
9674
5978
9737
844
9007
8332
6002
1531
9834
3751
8358
2282
4620
567
1895
129
6111
4981
2180
8182
1836
1174
6417
5001
8792
7223
5703
5209
4436
8713
5726
4453
5070
8132
6688
326
8014
3562
1379
2952
2223
6502
4140
276
9291
9578
3588
2409
9779
783
2306
3859
4854
6253
2165
8499
9560
4736
2052
1784
2629
792
7095
1121
8024
3904
7212
6487
3878
1569
2114
2549
3601
9228
5959
5333
7034
6141
5709
9213
3634
3293
5429
3653
6407
1866
9599
8817
5967
8188
765
3278
1510
9595
323
1430
9407
3019
2251
5387
2366
7101
8530
8210
8668
9756
257
5625
293
6832
1465
3419
9027
2838
8149
9335
5363
3441
4713
6157
4305
8394
520
5690
803
8836
1038
4005
8905
4529
5925
4015
3890
322
6847
6532
4763
7218
4984
6650
1609
3973
8523
9134
6723
7345
4251
8672
1446
987
6066
5966
8305
6093
1081
3971
6580
2840
7407
9832
8718
6251
6720
5764
906
7450
9529
8704
5990
1616
4572
8144
8456
8063
4548
332
9871
1385
8967
3457
4585
2365
2559
7917
8462
9959
5709
7796
9240
2876
9952
1923
9811
5152
7931
5357
7252
2758
8228
9272
7816
5546
2682
9829
6415
7922
7509
241
1544
748
4099
5195
3872
3949
5246
6352
3692
8802
7301
947
1740
1732
9464
3114
1664
2648
8332
3304
131
9191
3079
7112
3157
9694
5641
9039
9683
2730
1502
540
2450
5468
6252
8491
8776
4756
8050
5862
9905
1579
1664
8450
5457
7280
7531
6084
6081
9568
8164
3766
9589
4204
109
2352
7668
6986
2037
4178
8307
6207
6668
962
7299
6761
8496
6272
5479
972
4337
6908
4598
2470
3399
8552
7526
4629
1655
5876
2162
9557
2957
115
4565
7736
950
8245
5358
3899
823
1790
2718
3872
7554
3697
4910
702
1150
8695
8784
1259
604
5109
5230
1256
9167
7119
805
1556
4826
3039
5330
6161
2015
8750
3250
6552
6396
9563
5810
250
914
1580
149
2547
4189
726
4915
9701
3642
6823
3479
2960
7092
903
8953
7847
4884
3309
8568
3831
7440
3801
9073
7783
6459
6557
1856
8803
447
8357
4306
1586
2885
8533
345
9023
4960
2683
7067
8441
2204
1104
7914
8002
9560
2370
9068
1111
9797
5402
1668
3087
995
1979
2810
7112
2506
2365
6088
7631
8869
6111
9253
5284
2517
1892
75
8559
558
9929
2887
2201
6241
126
1627
6336
5886
1071
8223
4088
7489
744
9006
5045
6689
1219
591
905
5722
3232
6516
2595
6595
9435
9571
6092
1850
2630
5484
7668
2295
509
553
9868
2515
9466
6845
868
352
6474
1226
1435
4141
1999
142
8124
7105
4208
8594
1297
1300
9169
2836
7326
3412
292
5605
6805
554
5534
4485
3256
5586
555
1792
6980
191
9137
2529
7222
4373
9722
553
9248
2006
5081
8453
4596
9293
1447
8986
7641
4035
4186
6367
3126
7672
3227
6455
2223
3860
39
313
4817
1988
7969
5849
3586
206
3162
7933
7967
1678
1371
6924
1578
8615
3587
5320
8331
1838
1009
7512
9107
6547
6843
9221
1399
4188
8666
9307
6963
2682
306
3362
4334
9408
5735
7260
4036
9231
4866
4389
6131
3513
1019
5963
2663
7262
4788
4510
4084
7907
8124
384
2851
2527
1206
8269
5144
8748
4450
9398
1539
3854
969
5285
1372
8009
2589
2169
2880
6327
1283
9099
6972
6620
1380
5594
5528
880
6557
4136
9399
4156
5223
9056
4557
9922
510
1807
8202
7466
2115
5287
4781
5468
2849
2277
2544
5733
4590
4653
4673
2618
1630
7757
6623
9024
3411
6231
1146
5611
2741
4263
2191
313
9998
7383
8631
1913
727
1450
7499
782
3967
5413
4211
5995
4318
1504
3770
9103
3050
9794
6290
1904
9462
6780
2526
7466
2432
5533
6510
4279
661
2590
4724
7851
3096
4467
5469
5466
3646
631
5006
3140
7154
3891
8651
6216
3545
627
4705
1907
2460
2042
2561
2946
7973
286
851
3218
4857
1165
9480
5193
4939
3219
120
1376
688
6360
2899
9851
6034
8304
5457
2419
4788
3149
4750
5571
8128
6309
3921
1804
828
4602
1819
8618
28
1778
9877
2809
3616
2251
608
2481
1150
9812
8200
3934
3770
7275
5527
7184
7728
4854
5872
4156
6584
142
8157
4823
5536
5279
5089
8547
7243
7675
4365
337
1400
1502
1347
8910
6482
89
6234
3783
7695
2976
1268
4976
4949
815
1801
853
782
6736
4076
5973
8729
7663
2033
9886
3620
5053
7273
8336
7161
2061
5237
3475
5446
7863
2534
2268
5927
6617
702
7639
8619
2089
6460
3608
8874
3181
9874
4721
3478
4236
7765
507
3598
8391
1607
3736
9468
1461
5289
1428
2816
7897
6622
5634
7739
7792
9530
7085
8280
9532
4925
4164
6033
6437
7354
6640
1202
8425
1011
439
5179
2551
4858
2925
4295
4729
9876
7054
6256
8797
2800
4466
1327
9274
4823
721
5467
825
5868
1081
3651
2789
6440
3945
9310
3600
4474
7161
1037
4966
2534
1042
449
4849
6249
264
3039
3696
1339
3010
7916
2475
829
9482
6732
459
2837
6759
1614
6633
1173
376
2556
9930
6788
2389
6111
913
3615
694
255
2715
6016
1289
6263
1757
4016
6477
3025
4559
7682
1770
9486
2858
3165
1175
1959
6958
7212
8850
763
7714
5547
4404
3793
2157
8486
518
8061
3859
4152
2126
81
644
2754
5201
6458
9539
3219
4975
6442
6359
3734
7055
8951
9402
889
9697
6765
5613
429
9153
3700
4764
9931
2540
7167
1612
7495
4106
3271
3498
8416
9165
406
5556
1688
8842
103
7964
4716
2420
3738
2237
2408
4404
3979
8492
5453
4390
1267
8788
3753
2448
3429
4999
8425
5316
712
214
8033
4846
2044
9113
1704
2944
7943
4568
6649
3394
7714
2047
9594
8801
897
8009
5414
1462
2356
5527
8560
8675
6159
3105
2838
4482
9744
5968
5736
5406
7130
6371
8129
9889
9930
9870
376
4625
533
9463
6461
9411
1843
2058
6676
9220
9193
4952
1551
5419
9585
6962
2960
5185
1653
9357
8686
8938
6274
7221
3199
1974
8832
1242
6264
1342
3917
9704
8870
1027
7633
788
929
2892
9066
9149
6832
4101
6428
3617
5288
4791
4417
317
5821
167
3411
2943
8236
573
1183
1437
8351
3311
6263
4486
579
600
5793
5334
5303
9489
6082
523
7785
8796
6033
67
6119
2503
2525
4585
2510
2656
1932
8407
7557
8514
5421
6097
7930
973
1468
8297
9843
6196
2437
7618
6629
4580
8570
6231
8307
1094
8314
5799
8709
3893
2531
7024
4134
3343
6824
5732
8047
6598
8926
5694
1378
7855
6928
2064
5179
9696
7403
4329
8020
7785
680
1588
6359
8415
3438
1539
3933
6293
6277
1415
4341
6133
9698
3664
5982
8396
1962
4587
4149
5736
249
3245
7269
6742
6239
8773
7651
6505
1052
8611
3691
3984
7778
924
3212
943
664
5719
9905
5284
1798
1754
321
7510
1352
5245
8157
3263
6081
6782
7733
2816
180
2284
7536
7435
4318
9617
2175
4665
3887
7427
5241
7665
7724
356
8354
8774
452
5039
7732
6243
4681
8864
3937
8494
2924
9758
5389
993
616
4388
423
4269
877
875
3804
5494
3387
5777
6624
1047
3543
5240
1396
4371
6513
2655
9786
995
6891
9383
2811
1042
9050
1490
8134
1316
8347
9041
4511
4559
4227
1181
4048
9499
7003
971
6787
6849
6552
2860
5386
4674
8415
6684
2699
9440
7467
9565
1981
268
9972
4393
4102
1232
1576
9381
5219
9387
2740
2487
7146
4346
1266
2064
6819
2361
1191
1896
7367
5542
5867
2937
4443
4031
3997
8136
2626
2365
8790
8693
3848
8781
7060
4242
4587
9834
7079
2816
7923
7621
5752
7400
4108
4064
5713
1039
3408
6350
9864
338
8249
5570
2198
6438
4401
7034
9950
71
7235
3439
6755
2853
597
4047
8639
8365
7285
7023
7477
6985
5282
8375
3973
9745
9790
8467
8829
378
8317
2957
4728
6275
2500
8451
444
8277
6583
621
9841
7552
9883
7008
5580
4483
866
2898
6802
61
5425
7348
3754
6384
8873
2879
5056
9874
1596
2453
6648
5934
8205
9571
1753
4278
8710
479
352
2145
3602
362
1781
6663
7182
9924
7101
8273
2795
9490
8878
6891
1664
8767
4953
969
9202
8344
7401
9621
3395
570
6680
4129
3973
3907
9347
312
5255
1301
5772
386
2546
4657
6458
5062
5566
7091
9201
8949
5777
6782
7078
2106
3574
9757
4269
9437
4618
783
5076
366
3078
730
8749
3032
3681
7651
2690
3275
577
6789
3018
1493
3718
8491
4345
7007
2309
9890
5403
2111
9142
8452
3843
6613
3491
4574
555
4216
9637
9909
5693
4471
6225
5405
7308
1815
5907
3425
1381
7914
4401
5926
8371
8988
3763
5585
8387
5082
5411
7262
7128
4728
5380
2964
1223
4625
6886
2136
9541
9107
7096
8473
3638
668
1096
8546
5268
8312
1183
2530
1099
8883
8509
7488
7710
3216
80
4855
2849
7905
6186
5472
8804
2375
2781
965
9091
3260
4181
2682
4928
3771
3884
2273
818
5927
2287
7703
7891
5216
317
75
3899
2881
6162
8244
6219
7891
5254
8007
4545
2031
9286
1635
2921
1623
9669
1263
7886
130
9455
2007
4130
8500
7601
7328
4999
6235
6670
1783
928
2376
6963
7632
7588
6110
1573
5923
6212
4536
4746
1199
8005
6174
8137
2897
4484
2248
9352
9194
6258
1024
9817
7760
5761
8309
5944
5399
5280
8833
3244
9983
1221
3471
7078
2169
5067
1653
4047
6810
50
3745
5050
3349
5384
8256
4002
7956
362
4704
2843
2750
6883
7475
5524
9904
2559
9202
1871
9279
166
6173
643
7379
1292
4762
9977
4534
9096
5968
7830
2831
8201
2541
9144
2512
5973
6467
2376
7505
4307
7988
5036
575
5989
494
3100
3745
7946
7173
9610
5864
9782
4767
6643
3876
3102
7671
2057
622
8278
9468
8860
4394
6874
12
4549
4341
8331
3012
3930
6091
6826
4366
4972
2178
1137
67
1389
797
1661
6232
6587
1922
6358
1965
3049
3433
5897
5267
9409
8302
4409
1753
9227
4839
9128
642
3701
5977
5944
8759
5414
4934
3243
3518
9037
5416
9795
4465
2739
3035
6282
1259
8960
2046
2880
6937
8036
4908
6963
1115
8443
3063
3602
5628
1681
5073
5139
132
3050
494
6365
5411
4852
2902
817
1652
8679
2839
2928
7633
3637
1432
2528
6373
2020
3150
2792
7180
1958
2190
2606
8793
9014
4829
315
2350
1331
7615
1836
3964
277
9662
1415
2244
6670
870
6406
6058
1228
1228
8258
5196
1980
9330
7477
7011
535
7229
3607
8531
2280
7958
8174
859
7888
7571
6397
23
2587
8467
321
1063
1002
8963
7355
3975
16
283
9702
1149
6743
6734
5952
730
3931
7409
6813
9683
7352
3304
1815
4102
4007
3305
1683
2318
1488
555
4356
9099
4472
6383
3470
2761
907
7194
4194
3016
1974
3502
6994
251
7526
2458
1788
5546
2005
7444
6928
479
758
6713
2670
9283
6651
6218
7056
7697
7280
5036
2486
9461
5927
603
6677
359
3263
3191
9823
6736
3215
3796
7709
3850
6309
1564
6575
1549
1516
6137
313
4043
3627
3877
8341
7758
3712
4187
6109
4688
138
6496
5735
6937
1015
7533
4323
6923
5781
1428
2282
8814
7621
191
7263
6961
9004
8820
2973
5087
9642
5507
6180
1143
4723
8442
5834
2050
2262
8918
6647
9075
7081
5134
6598
6718
8061
772
2834
8776
7240
9652
5767
88
3854
1499
6422
3435
6613
1380
8754
4891
1214
1022
5045
4631
315
4592
2213
2572
1698
2273
4661
6862
4780
3206
1732
2486
3593
544
8899
8232
5986
4196
7846
9990
9739
6092
7288
3224
2020
2398
5437
881
163
1755
7861
6058
89
1966
6403
3468
8558
261
7077
4967
4991
8904
5307
648
9766
3935
9842
6068
2480
522
8905
7017
3175
5055
4892
4223
7304
8988
552
9300
6836
3779
6699
3025
5345
5673
2397
1626
4141
5431
9673
5724
7119
2879
4998
834
784
6640
3458
8084
2555
9368
8401
9641
2850
843
2883
5033
7074
2179
6163
9569
9709
7776
8130
1212
2205
2282
5302
4092
1538
8216
1926
7048
848
3180
9898
296
56
4057
3438
664
5530
2467
6745
7467
5377
7057
174
4501
2790
7363
4551
1962
9267
103
6015
9342
4748
3786
8628
8502
1337
9366
6546
4338
7441
1352
8792
9669
945
2587
4977
3016
8740
5499
4039
7241
1031
663
5834
5148
2107
801
1301
4174
3664
9964
7780
745
7165
555
5547
6269
5428
4936
9327
6164
5921
2406
26
4025
8265
505
3556
203
2386
1534
3221
3768
6064
8773
8311
4085
7952
3480
6395
535
8064
2372
674
7476
3571
8047
2503
389
7039
8707
7587
3804
6171
7874
1320
8624
637
1809
6882
1601
7245
1098
1787
2129
6743
4012
4680
8391
2244
1461
8317
1948
8541
8791
8100
3548
1732
2549
453
217
8001
3166
3163
3679
3946
9417
7596
8189
7453
9686
3448
6143
6597
4793
3290
6966
584
8544
733
9559
3366
4112
8145
5578
389
5639
5262
7380
9774
7771
6892
8087
1355
6665
3600
4079
7934
8108
8182
7326
6416
6490
938
2558
8013
2174
5350
3748
5501
1133
2963
3187
1816
894
6850
3889
5021
7585
3289
8307
4154
216
8415
9682
2793
5360
4787
9932
1193
9210
9031
2476
361
3406
3142
6876
3173
5586
7564
8215
289
1514
1878
8640
4807
3705
6271
461
9814
9710
9057
348
4818
9875
3171
6199
8075
1256
9765
2652
7386
5417
2555
6290
2102
487
2825
8409
7751
9974
715
9434
20
5074
8018
2640
8338
9774
4874
9087
9089
4326
118
1482
152
8682
7658
486
235
6942
8800
1917
5820
4911
829
4871
8959
5587
6538
4320
879
7861
2710
9839
8995
9622
328
9744
1857
530
7861
8301
6381
677
3563
3060
5299
1072
6137
3419
2828
2339
8173
808
1174
8797
3614
5108
4244
3146
3681
2750
3235
553
8208
1227
1616
279
2486
530
8354
7913
8629
9704
9081
499
5536
5143
1348
7769
9572
7886
9449
3118
1491
8540
9687
1901
8665
197
6008
5219
5499
8710
6849
5110
5065
5827
2469
2336
1443
5020
8586
5607
5065
4914
3710
8469
1727
674
3261
8470
3760
6475
3574
5794
3301
117
9062
9668
1539
9714
1613
2288
4521
3135
2414
9918
2854
3970
5434
9708
2674
9012
6325
4551
9299
3841
8053
6576
4829
1218
174
7990
6936
7538
1458
9023
5135
1054
1809
4948
6765
2800
796
1729
3406
6297
1086
1929
2500
3791
5614
7756
5240
3552
5796
4748
150
9023
6494
9460
2063
2485
4838
320
9540
3622
5352
6983
1676
3390
4783
1800
2161
486
2943
9873
8215
4596
1145
3002
2754
6124
4076
1037
5604
2417
2750
3384
1741
6710
8873
6112
4559
2348
2884
4280
7962
476
2189
9783
945
4103
252
9110
9008
3814
5595
4754
608
5923
6532
5554
7878
3492
6705
5939
8409
3800
4716
7122
871
1967
5241
4966
4517
8670
7240
9812
7601
8663
1911
7739
2406
1361
2057
8650
5871
4966
2029
1789
6821
7996
2775
5817
177
3318
8234
1067
5642
6945
5871
4161
5759
5066
8911
8977
8861
5285
4592
338
6574
5783
7152
1945
4012
8793
3147
6516
1434
8055
68
3443
1771
2927
300
2875
9192
9423
4789
1198
436
6172
4169
656
2792
7750
1979
7340
2449
3079
9789
585
373
1691
5215
1038
844
830
1805
1383
171
1717
9632
7587
6877
2428
2389
2832
4765
6036
9785
9437
496
3394
9901
401
1613
6496
9153
6261
6813
5807
4067
8355
8265
9482
3069
80
7711
9262
2031
8361
7618
3405
1027
8718
6540
6582
3779
364
5361
9147
2574
6412
3294
351
88
6978
1789
4813
9425
4347
1676
5544
4569
4363
7649
1277
9321
7394
9358
2308
5120
5503
4005
1423
1819
7091
2366
1183
3861
5030
2717
8789
900
7666
3232
7655
5060
7914
9394
6090
8291
2898
9836
7683
6684
2073
8835
6663
1068
5262
7260
6384
1005
3052
4026
7070
2406
1870
8532
2996
4612
606
952
4394
1630
2887
4643
6903
1131
9994
6216
1407
8000
3267
4016
2222
5666
6322
4738
9745
8256
5703
114
8598
7770
6332
7783
7848
3639
6161
5248
3189
9381
6397
1478
7685
1945
5442
6052
3797
7430
1931
5532
1074
9045
5852
8384
7738
9035
1804
1404
6084
7132
8786
4740
8908
491
2353
6623
5298
5104
6795
3263
4969
4746
3026
2025
1602
1788
6331
276
223
270
941
2315
6324
170
9040
9552
1917
7947
44
8812
1835
4757
9164
6057
595
1657
2570
7193
9592
8818
753
8693
635
8668
563
6328
6019
3826
6781
5949
2704
1528
1180
5814
6190
6470
8415
8737
1451
2800
4705
7350
5059
7982
1428
211
5581
6969
1430
9945
9218
9137
683
1405
9516
2248
1679
7656
9607
2712
3533
8091
1165
4095
6108
307
3577
3350
9866
4124
3242
3832
5741
6791
4112
3402
3634
2652
7240
351
746
9049
2396
6836
6731
3566
844
9775
6297
3942
4791
759
9130
8739
9267
6614
6184
964
1874
1121
6634
2231
7102
7305
6703
5386
3395
3892
7292
6113
8614
9027
415
9256
1965
4483
5694
4329
7363
2541
9462
3801
7052
5924
9333
2482
4702
7002
7524
7498
7217
2669
778
6119
3716
8514
1947
5091
132
1345
170
6952
2482
183
5328
5763
343
9873
6773
4783
919
1855
3600
9332
1658
2832
5178
1178
7971
4220
684
6393
6367
9794
8896
5944
8249
4296
5539
3451
2536
603
4196
6018
2370
2510
1319
6869
595
3570
2139
4828
228
2741
6578
5362
9069
1445
4460
884
3336
769
7119
5912
660
3777
584
2688
1287
9384
7514
6046
4334
3322
2246
315
7658
7582
6962
9148
1513
8309
582
4401
2080
5855
6165
3626
3215
3533
6874
6804
9835
4655
114
1766
3484
8284
5357
8593
1926
8631
5581
1211
6055
6093
494
6905
494
6262
7703
1487
4482
5312
9370
5026
186
2717
3831
4804
7612
6957
9472
7754
2509
710
6210
9678
3207
480
6831
9374
2224
8368
7221
2882
2728
9371
8345
5987
5361
9259
3132
6953
5829
5387
2321
4523
5284
5088
1579
766
4452
552
981
4968
9158
7827
8701
5345
9882
815
3697
14
9431
8329
9262
6114
8090
6488
2298
815
4371
7844
9443
8352
3825
2519
1924
7122
8389
1687
4394
8119
8900
6064
4921
1671
7387
2253
3723
4900
670
3000
6104
4546
5561
3117
7521
7500
6124
6207
6432
8795
2789
764
6394
6607
1109
2628
1142
6639
5903
1578
6956
8194
6420
5577
1114
3367
3407
7591
8726
5837
2765
7397
145
1371
1739
4896
2791
707
4997
4423
997
2182
5255
5598
5330
8135
9669
8314
561
4759
1110
7083
8997
9091
6044
7909
8125
9983
2003
4154
4092
8532
7480
595
6030
5391
619
5023
4867
6213
9837
435
1641
1479
580
4774
2939
821
247
2978
3697
5093
7029
3967
4726
5681
8400
1053
5327
3829
6770
2807
8704
843
330
2464
4701
4660
9568
9938
7516
4646
3446
4348
4921
675
5442
7517
8510
1269
4970
7303
9736
9025
457
8999
1503
3512
5869
348
6991
9565
9696
1037
9442
7030
1731
798
1148
8115
72
8279
1253
309
5462
9051
1647
2681
9045
4050
239
882
2543
4057
8859
9467
3070
9678
385
1331
961
1188
8790
9219
2947
7950
4949
2408
4906
7891
8944
4643
6369
394
1197
6690
6050
9427
3562
1406
7352
8821
4467
1818
109
6108
7022
5639
2178
9975
3959
2052
412
9817
7154
8883
9488
2033
7361
7512
4101
9238
7775
1154
5105
5595
4513
2148
2859
2168
3416
3643
6116
8979
3978
2139
6721
6972
9110
6839
927
9310
229
4931
3931
6892
4230
6551
3240
2313
7202
4017
2065
6050
7304
8113
1046
3312
6712
4513
1594
4874
2779
9
6558
316
5935
1433
5838
5014
2162
2516
2922
522
6584
4790
9008
2844
7222
8213
1365
7962
8908
546
4966
9399
1577
65
1675
5865
1093
3408
259
4596
5245
6053
6531
220
8372
3615
957
2797
712
8226
151
4686
1094
1543
9466
2514
9104
8202
6090
8499
3147
3632
5965
2232
5042
7158
8738
5869
9757
9973
3920
8753
2256
8326
5277
530
8258
8788
4471
3606
7255
8568
7249
681
395
280
8305
33
599
9160
6760
2890
7318
1759
1448
1612
87
4299
5177
1213
4876
5087
3039
739
4305
1397
2429
2768
6266
8935
4255
316
3731
2483
1243
4579
6382
5284
1837
4762
8853
8704
5270
597
3213
1030
1434
496
6877
3664
443
3959
3610
3257
8730
2168
5528
6510
6376
8997
7851
5536
3767
1664
4904
6444
9159
4835
516
6869
5230
4803
2461
415
2360
6171
9816
2441
7525
3275
9962
1932
5891
2602
8492
296
6705
473
3753
9074
9050
9872
8907
2839
6911
3316
4937
3606
5692
6769
1870
6599
9980
7
8433
5639
1497
3195
897
2558
2352
3086
8984
3101
9035
5918
9645
1164
3172
4608
9738
8685
1081
1441
7818
5358
5895
9622
3504
9043
1234
6210
6749
756
1404
3362
1952
5883
4168
2852
8798
3509
9576
1195
6722
5963
887
5806
3804
992
3670
3773
434
1084
7030
3185
5518
8539
2189
3075
9743
1875
9691
1854
1323
6141
6337
8228
1696
5672
3966
3762
6995
320
5809
6229
9109
9886
4718
1854
4471
89
5818
2511
5372
7460
5776
5664
3726
8219
7844
3412
3693
1093
3108
6923
3818
7722
9871
581
9625
2658
4109
8132
7026
9908
6777
113
5275
800
4075
5632
3821
334
8604
9654
6056
7179
6481
3862
365
673
4502
3477
7827
553
69
5902
7211
8885
2410
1386
14
4137
2228
1812
5980
7685
5485
5463
683
5662
388
2925
4143
2212
9590
3359
2488
3454
867
6638
1240
6008
215
8952
8156
631
304
6472
9839
874
2902
6390
8389
2688
5617
9684
8105
6792
3673
8370
1694
1017
3179
4702
284
1576
9334
5615
962
6710
3413
3757
8018
5771
146
4006
3921
3276
3655
5349
7381
9012
5624
9809
2760
3998
4535
1454
6594
9906
5253
5696
9780
2496
4944
222
2829
5512
8667
6580
1296
4688
5509
3129
7460
9144
8372
2618
2542
1611
5763
4829
3136
8324
989
2681
5393
3370
1942
6286
7041
7880
9020
1056
1456
7717
3976
5521
827
9924
1176
8408
4608
7075
4052
2692
3502
2495
2348
3615
5625
1917
8911
4983
4143
423
2559
1456
1506
2263
4829
9459
3570
2381
9538
3416
5668
4453
1672
9743
5167
2850
1790
2618
434
7354
221
6061
4271
8296
9179
2897
1021
8327
661
5123
8968
4037
6912
1033
5157
2520
4015
8564
5094
1717
4838
2227
7536
635
7024
9048
823
2605
8447
2775
126
6293
4548
6788
202
6498
7184
3210
3083
1931
8437
5243
1720
4414
4448
1630
7541
638
4585
2647
8835
3226
7523
8717
2516
7994
8524
3636
1272
130
2073
8416
9879
7885
4997
2674
9489
123
831
8659
5336
804
5480
3162
3279
9594
507
3121
6187
5393
1507
185
8020
5800
3939
6899
8770
5830
4272
2207
7973
3548
1937
2953
9858
21
5364
3834
9417
1774
2141
7417
9807
5925
7311
8030
7746
4360
5438
2921
7487
5402
7449
5878
8622
1888
395
4078
3946
8097
3903
3658
5851
8623
686
1787
8867
2526
3304
3257
4230
6672
3704
4412
3252
4090
378
2095
8489
5909
9153
4410
391
1351
4720
2570
6098
6059
4330
7969
9626
1285
9887
1319
7870
8482
1566
1183
5238
5523
9163
5219
1055
2181
8690
814
1697
3036
2626
4532
1510
8300
5588
8037
8944
9492
3267
4500
3902
8115
5689
2808
8196
5334
3631
2944
6784
2385
6541
4769
2523
9194
6856
2966
6745
3933
3355
8210
2660
3906
872
3062
3432
9797
6459
1325
5697
1850
2374
8378
5215
7066
7280
7122
9833
6355
7023
5720
8550
5745
4029
9312
6494
7857
2009
2315
1444
2622
1291
5011
6137
5056
1839
9996
7243
2627
9375
8398
8874
2306
7247
4934
10
8163
9554
5457
1913
9733
3132
390
6910
7634
9660
6914
9877
1559
6567
5575
7788
4144
9880
3075
559
7363
2240
158
5226
7284
9879
7206
6979
8624
6845
6243
8498
9095
9302
8330
8302
6551
401
1711
9489
900
8101
8502
5396
4924
118
5683
6059
3799
610
4730
2425
4172
4374
2646
5923
9395
231
4629
9853
5925
3410
8285
788
3416
8416
782
2257
8236
7272
1237
3742
8169
3585
9658
9262
3737
4762
301
7165
4196
1146
3180
8014
2115
3818
4325
4720
6655
2407
8907
6320
5772
1857
3564
7490
9815
7714
1980
6508
9336
3425
7823
6527
9372
988
4255
587
4716
3383
2185
4633
9929
7463
5657
4778
230
270
8673
9597
4090
6061
5601
5829
8365
4917
7970
6312
21
2168
9446
6023
2782
3792
7829
770
3323
6652
8641
1126
9562
3738
4
3271
221
4273
6390
8309
6200
8785
7259
9544
9041
2382
2418
3274
7824
1994
8161
4455
3018
7943
565
2547
3936
6162
1851
6136
9634
4886
1455
3577
1628
7546
34
351
6057
2329
5607
4091
8526
9660
111
1236
4909
9902
6981
399
1374
4554
2946
1329
8491
4186
8108
1619
3172
7456
9335
4059
2422
253
8674
1313
7329
3681
7915
1495
2347
2066
7217
5494
6386
4070
5928
3357
7832
9329
7638
4034
9180
1451
4761
5080
1940
126
5086
7442
9437
8415
7178
8601
2994
1547
1668
8273
986
8797
3906
1227
1986
5486
8052
9308
7336
7451
4942
4420
8257
4751
3787
3843
9817
5300
4878
970
5491
3594
9373
7203
8594
473
2057
3931
4887
8615
2499
4839
2401
7655
2371
9034
5423
6410
2048
3693
3399
5453
7743
4488
5183
666
9185
4686
4628
3335
8783
7694
6668
697
2781
7391
9424
6703
2633
1513
3429
4120
4420
8721
4951
103
2019
601
2380
4752
8419
3407
3251
1184
7571
38
5851
4885
2019
7928
1287
7371
9302
1551
9832
4805
8170
1703
4874
4979
9610
8720
3777
535
264
9278
1032
9022
9536
5080
8647
8583
2306
9875
4916
5376
4442
5483
3126
2742
1540
4538
4683
4704
225
6058
4817
2869
8889
146
1932
315
5726
7400
5142
9699
9629
2715
920
8293
9006
6829
5348
6938
9281
2704
5065
9427
6635
4455
362
2686
8577
2132
3439
5071
4036
9072
310
4206
4460
8163
133
9390
3148
8331
2856
4905
4732
5216
5747
1726
4563
4833
3736
4711
9190
7745
5423
7521
993
5390
6233
4433
9783
9245
1738
3594
3961
71
5662
556
2405
6713
3832
843
6696
5958
3790
949
9847
159
4694
1418
8708
8635
8123
3743
8396
8727
5881
6291
3649
2789
3213
9070
1929
5699
9606
3902
6593
9262
943
4661
9554
5190
9321
7849
1000
2892
8015
3231
3955
4473
7673
833
696
4815
5725
1148
1122
7994
5198
5234
4190
9371
6907
9616
3500
4762
8913
996
6352
9887
4356
585
9216
32
1864
3517
9314
273
2743
5503
712
2649
2336
9175
5115
2380
8373
7114
9974
8458
2779
8599
4063
5709
470
182
8283
9704
4348
6238
3979
7018
6879
4067
117
7088
1616
663
2950
2207
1833
848
5251
9694
4521
1540
7035
7731
4501
1120
6388
1799
1021
7893
7107
5756
6521
3507
9562
1681
5234
9609
5925
6504
1524
3693
5770
8268
9057
8026
763
7710
4163
7767
6624
1931
3347
4368
1187
8929
3147
551
5203
3228
9850
2179
5997
8985
6959
4360
567
8109
1101
1268
6972
2224
4923
8747
8170
827
5770
8766
8674
6474
356
8677
7635
3254
1269
5176
2409
2152
2319
632
8534
4682
4405
2696
6653
9344
7696
6785
1308
4696
7459
2654
6609
2894
794
4400
7007
4600
6198
360
3159
4381
1877
8728
2872
1172
4544
2742
7715
1783
1951
8414
5790
468
2734
2289
7818
2227
2093
8825
3131
8984
7457
3977
9015
7701
2068
4740
2459
6868
8169
7808
5954
1959
7473
4153
2805
5677
9824
5480
4800
4953
9069
9525
2744
9044
6864
6140
160
8504
6582
4780
2507
7372
7228
4174
6923
7899
9713
5170
9104
9804
283
847
3613
4143
2459
3830
2995
8581
9484
2140
2403
6613
4025
8177
9915
7932
1233
9970
837
5927
4580
3954
286
3389
5301
8582
4730
3298
7229
4905
5964
4654
6376
4996
4670
8222
5911
8601
6585
3033
3145
1578
9020
4441
2377
5894
3346
9051
4259
8990
6666
9742
4332
3177
5223
6328
560
224
8842
3877
9100
9696
1352
4579
6176
7748
236
9029
3507
1692
2020
2631
3385
7803
2781
3001
4934
5845
1012
9407
5235
5679
9039
8238
8238
6221
321
3199
9772
8341
7661
5686
9759
2707
3933
3449
226
4440
8264
4628
5657
4317
5543
2566
6970
4034
6357
6529
395
2221
1394
4715
9212
9434
8642
3421
656
3113
6340
9955
7427
7037
9256
5166
4030
6333
2872
677
3870
9331
2775
493
7580
6384
3750
917
135
6473
1268
4204
9864
3792
2803
7550
6946
2946
6474
324
4065
512
2792
7113
8100
8309
7200
8619
5061
376
8535
636
1161
5679
2658
1063
9445
900
7134
2828
5684
7724
3285
4183
1844
2136
91
3635
4234
1705
8219
1083
9859
2548
6612
3358
6538
5662
2393
9271
9183
5130
5856
9759
7937
632
3042
4184
1133
1739
8104
6045
5812
3645
4639
6340
7227
8609
5268
5964
8218
3564
4385
3355
2156
7451
776
8613
9067
9300
4524
3783
8507
7862
3644
553
1868
3525
6245
1212
9094
5906
2501
2494
3601
2174
5270
6214
7908
271
6131
7929
394
6428
1053
5618
745
2501
7602
485
9856
4428
5117
1833
7215
4321
7537
7950
0
4085
4472
3701
2363
4056
6870
2311
1063
1891
9754
9982
2180
4562
704
8795
3168
6595
3388
2079
6808
8025
9808
9366
5923
5760
1355
4665
789
667
5279
9279
4636
7320
6213
3823
5798
2430
5565
6337
9558
8742
4555
8854
2747
7619
8305
5293
3724
6321
8665
619
932
5458
1142
1974
4276
5106
7777
6603
2700
2204
1521
395
6611
474
5346
4860
8348
6880
2997
738
1029
7051
2520
8065
3470
954
6619
8304
7454
6061
940
4468
2002
4659
8346
9177
6177
4238
9546
692
4652
8962
3637
7354
7220
4160
2242
2272
2273
3444
6945
6843
3323
7926
9590
3881
2938
3076
8504
3322
8486
9472
9148
6638
1263
7053
8392
1952
2128
6168
8682
4110
7334
2304
6085
2067
3414
5166
845
9309
8711
4347
6031
4010
9116
4097
1144
4076
5069
4465
6238
3101
5733
6223
2205
5180
9813
6998
6090
166
5767
290
144
6104
4761
2834
9508
1018
1841
7523
467
7772
2231
9194
4610
4139
3441
5138
7522
7166
5909
4316
6883
7663
9929
5581
8376
1110
99
905
2253
6415
9075
678
3541
8421
4202
9926
9248
6281
4588
125
2235
7545
3997
8466
870
6538
1612
8065
1738
4675
9476
8923
4257
1451
3406
2481
6174
9180
4458
8397
919
935
5269
4051
8696
1552
5653
6189
9936
3514
5889
1240
2577
5783
2081
9337
3665
1463
4711
1837
9498
2033
9167
7578
6939
152
6420
2090
5014
1721
3752
67
1823
6190
9205
1299
2276
9945
9769
9317
885
5423
8128
8223
8785
8235
6345
8474
9370
4069
8815
4710
4469
2620
8899
8886
1768
7691
7112
8544
5132
3562
1174
8215
9761
5822
9417
6387
6577
781
7060
3719
1693
5393
951
4074
3904
943
8792
8703
3806
7945
2720
945
2906
9041
5598
9202
7291
319
9530
4584
2833
1225
4184
7323
4248
9913
8461
2963
8818
9958
1896
8588
7008
5095
3017
9075
1669
4824
4982
825
8898
8408
4737
