4563
5019
2966
8917
9012
2793
3428
5603
3815
6053
6720
9895
9271
4031
8718
2295
1341
5351
6120
4187
5803
8866
167
2425
6680
5744
4677
837
9169
6480
6753
1236
8766
1894
7912
6680
345
4910
1925
3411
2495
6773
967
8046
4027
9896
1983
2065
4
7274
479
1257
3398
2557
6791
5697
4852
540
2236
3268
8116
2590
6433
7334
9300
5483
1128
7377
6119
2038
1949
6430
3425
2708
1692
9030
7898
2121
8398
6784
3760
2611
833
1895
6001
5495
7837
6209
5102
2215
1827
9805
2673
8657
5295
9904
339
3632
8746
8543
8767
4606
5946
7966
5325
4048
7832
690
865
7761
7798
2731
2141
5452
9507
5504
1757
4538
1333
3804
7645
4919
2274
3904
210
2144
3756
4767
7412
1787
8691
4265
3374
9855
8016
9154
6665
2867
6569
1953
7662
7147
5344
7341
4416
9096
7663
7221
9149
9791
8146
5800
2299
4941
897
3848
2331
2042
7755
3181
291
3065
3277
9077
9070
3533
9356
2286
7436
353
8839
8890
7968
9379
6141
498
9575
4933
9487
1113
4480
6535
5618
7621
3641
2890
1965
8432
8958
4167
6822
4622
5111
3388
1662
4597
3870
6267
8271
882
9740
5376
9785
8795
951
9256
7832
2920
8800
399
4273
7398
2554
6642
8700
3755
7447
5656
5435
6179
1568
923
3328
3268
3531
4216
3779
4580
7717
1544
6627
3307
6661
8604
1372
9103
6750
6822
6669
4384
5058
9045
9632
8558
9894
9423
2067
8468
4688
7906
7150
8214
831
2091
9314
8816
2048
6516
5263
6735
5477
3252
5202
7256
3771
965
736
3950
5269
9596
7005
624
8986
1051
1121
2522
1291
4769
3373
4107
2148
5310
9892
9811
4393
8413
2476
4570
9290
2556
7055
233
1558
9934
8907
1805
3842
2375
4787
8929
8687
8117
3198
5091
900
6526
9227
9780
969
6791
7524
7278
3143
1156
4586
166
3360
5391
2862
5357
8488
6166
4660
2713
2541
6771
9065
9051
2143
9315
8680
8915
9981
4444
5420
4030
2111
4800
8910
7867
9186
2696
3600
2498
5031
9776
7090
402
5347
8741
8445
8451
9513
9430
440
2521
3457
485
2549
4129
7460
175
7636
1654
8111
8609
7297
8698
5735
555
8054
8559
6481
4995
6171
5792
2565
2162
7681
2765
9681
8663
3704
3401
869
228
9402
551
4004
2899
573
1625
2251
4781
407
9010
5059
1946
4386
6422
2478
8391
4667
4792
686
9886
1969
4517
3259
4648
9955
1295
2804
9784
4447
8796
6471
4235
784
7882
9206
6746
4694
2835
9982
6428
6308
1700
4587
7160
732
619
7775
1258
286
1289
3996
8911
2715
983
8259
4884
7291
9356
2943
9277
8821
2467
333
1610
2538
824
1161
6503
7215
5732
3697
1831
4810
4257
3578
269
9930
6098
3915
9336
3519
1545
9497
3157
4800
7559
1519
9801
9623
4322
9454
5337
9891
704
7607
3840
1366
2977
4622
9907
9457
1272
4042
4553
7592
2164
4101
8457
7404
7989
4954
1193
5440
3607
5758
7275
2969
7176
6810
4979
9304
1360
6879
2893
6278
8360
1939
4105
6650
9737
8902
6953
1476
4007
9878
2247
7502
4943
5565
2635
3457
3062
2396
1633
9368
8261
9896
6284
4945
331
871
4190
6167
9643
603
8096
4392
1149
8275
9231
225
9996
1806
7667
9086
8001
9716
1433
3728
3511
9772
8026
1610
4174
1521
6241
8964
5246
3525
8016
8463
5655
9159
6318
8866
4712
785
1833
3404
1781
7854
6353
6667
6333
2410
3461
1256
4729
2546
1366
8544
8463
2555
1434
558
2844
2579
1992
8121
4361
9132
9146
7624
259
768
4569
836
5487
8800
4374
7215
7883
8028
1947
5656
3419
1358
5277
1763
8059
4985
4234
2699
2158
9471
9999
3100
7725
5760
6021
2132
8792
3711
9043
2649
8707
8729
6408
5564
7841
2625
5768
5928
8172
4151
661
434
608
5777
7139
1486
7302
229
62
9375
4897
6447
5465
787
768
1469
3111
9727
2778
2241
8422
4171
8985
9297
6949
4690
4950
9712
3922
5434
9217
8305
4527
8006
8810
9564
2492
1947
8620
4535
4830
8563
3649
9668
7751
2260
3263
5620
4796
6371
9514
6041
3150
5930
5729
6489
1449
1310
8828
2448
6535
7590
6307
4628
158
6591
1919
7458
1977
1204
8977
1164
1106
8243
7411
9859
522
9316
1545
4688
1427
9330
4916
7550
5920
3175
5155
8596
2277
2320
8114
1181
3118
6171
7999
7239
2255
9020
9509
1159
340
5804
3643
3591
7394
8350
4934
4906
8519
5870
5966
2132
9764
4140
1021
7205
2674
8756
8708
6982
1436
3323
5181
9656
3089
7795
8045
4935
243
171
7603
1501
9807
385
4347
5622
5686
1324
156
7569
8241
249
77
6407
6354
5981
1416
8978
5149
794
4565
3499
312
2527
9723
7017
622
3986
502
9598
304
9998
4662
8347
8266
4464
2325
9378
9792
5398
1518
1350
8600
1138
8740
1186
3245
8773
3302
7107
6378
9067
9785
9449
5606
4104
1189
7279
662
7329
4999
1700
821
557
7265
8242
5586
1729
8140
1889
3656
2038
9185
9751
9275
3214
4898
9174
3786
8537
3771
1849
684
3395
3219
1237
213
5212
2741
4162
3275
5046
8716
2462
398
9818
529
8043
3872
497
5600
1516
633
1413
3450
4340
9881
34
174
2391
9205
2014
3492
2125
3558
3150
1016
7425
7337
6027
8029
373
8988
3977
8613
8610
3321
6722
9352
9456
2685
6855
5301
3289
2936
2255
1215
9270
9944
8878
1355
179
5038
349
4957
1261
1553
6591
8904
7248
8802
3103
705
7844
2468
5226
2527
6655
2799
4840
1019
3158
681
717
9705
2350
6712
203
9188
1302
1934
1745
7481
8458
4672
7849
5335
8639
9020
7352
7056
6729
7818
2104
654
9582
6149
7457
821
7710
9727
4560
6471
5103
7859
8197
9497
4320
643
2606
4548
1350
7403
7601
5313
7057
5622
2247
3172
4618
9891
3888
7634
5447
7784
4289
5340
8577
62
123
6201
9255
9382
1478
1574
7374
5273
2377
599
6475
8352
1014
7995
6414
2803
5706
9326
217
6790
3597
3960
3902
4284
6202
7818
5839
6925
1024
7319
3569
2856
919
4258
520
6404
5293
1967
5925
6026
7939
1783
3244
1647
6697
6266
8876
5892
1220
2643
2077
4963
5123
1787
6465
6162
2299
4971
3179
3659
5735
448
4249
5057
7029
3618
7432
6756
7474
9
7510
3738
3400
4190
8851
1814
715
2254
7587
9936
8942
9946
5705
8380
5241
8605
7733
9132
7792
4357
4105
322
8788
2266
291
7490
7533
8186
4618
3079
8833
2120
8418
1210
5132
8339
1562
932
2935
4650
5447
44
7384
3242
4716
5789
4742
5868
9816
8423
5884
8299
8963
3117
5903
7188
4950
1134
3899
1360
4280
2528
7636
4507
1102
6821
1528
4494
3248
6902
7043
6800
6197
3141
8910
4061
2938
5545
7549
4502
2747
1665
8370
6194
7194
534
3156
5300
5307
7944
3388
428
7033
1574
370
2918
2408
2876
2140
7895
4260
248
2620
2913
1380
9083
2101
5821
4206
1842
4250
9404
3585
9397
8613
2615
4158
1441
7313
568
3664
6227
9187
5304
3513
6615
9767
4623
2771
5992
1652
62
3405
9653
241
2499
9044
5457
4813
8110
8432
7334
1094
3464
3693
3984
6842
7636
2961
7754
8759
966
5562
1572
4230
8033
1060
7316
9399
4765
9316
7478
3050
8213
190
4188
5999
3931
9155
6113
3570
8700
6628
9203
2135
6329
5132
5722
1610
9529
9772
2131
1661
5016
7232
685
4499
1832
5422
2208
1438
1728
6058
48
8794
953
4284
2881
3274
9505
7984
2911
8480
6847
4184
59
4338
6358
9436
7901
2900
5338
5705
9869
4993
7184
5816
8034
980
9504
9688
4166
8508
6947
4674
1841
2642
6579
409
1182
2045
2251
2447
2104
1544
6861
3651
4814
832
7173
6347
8140
2396
7521
9307
6100
6022
6188
5054
1609
5136
6250
1900
3770
9817
3818
4402
1532
2173
2342
7416
7758
5949
8254
5856
648
2890
3601
8325
8131
3533
1002
7201
3807
3157
1547
1770
987
7639
8574
5818
6454
1524
8799
6045
5794
351
8677
2286
7726
2458
2118
2640
8489
9756
8588
2191
4141
1665
8658
3209
2421
7862
6923
8075
4133
9048
8092
613
8270
2047
3415
3892
3598
6523
962
6233
7149
2208
61
297
4213
1314
598
5673
1414
8361
8712
4050
4569
9356
7629
9321
8980
5364
3397
8591
4601
724
1911
6746
2258
8064
4016
5679
9043
8225
9042
1966
8794
2354
5041
1932
1604
8361
8996
1106
7264
1249
6660
5771
336
4042
6044
8913
4418
4093
4912
8234
3125
2370
1631
6425
297
3314
8038
6148
7298
4919
6629
3189
9319
6746
5255
2214
4314
5696
7717
619
6367
2291
1327
3352
4063
6140
6410
8216
2020
5102
1260
4949
3313
807
8840
6424
722
8615
1635
8289
322
2847
3808
2344
4619
3471
6451
3590
8786
3829
4599
8721
6376
4292
1866
834
1042
8279
2362
4157
6904
9822
4128
2195
3658
1680
9875
8512
7905
8831
1491
5698
4060
9427
296
3520
8483
8983
8732
591
9688
2820
9430
8190
503
2538
8572
9020
8941
8006
5381
2443
6253
7478
1385
500
8718
1612
8685
2939
3596
7939
5684
9954
2338
8900
4660
6949
3996
8346
2351
2059
9547
1770
4469
4083
392
5938
1691
1119
3108
854
9570
9899
3449
9048
9445
6582
8041
9796
4801
6870
297
5792
6995
1748
7136
9475
5852
1603
7877
1622
5024
595
5655
3322
2895
4483
3009
7301
108
2780
9920
7566
9830
2741
8369
5784
6505
3289
9455
8078
8907
4199
3544
5480
1762
3754
4774
2720
6947
916
85
88
3241
1485
5829
8975
4244
127
6153
4962
3573
739
9688
2020
6949
2730
5962
4254
3379
1351
2970
2562
2147
9799
2714
825
7050
174
1559
9140
9708
288
353
9191
2695
9832
4324
8345
6911
9393
1540
6378
7136
4492
4505
8167
4511
1524
8531
9031
7792
520
9341
5596
7946
7523
7941
3442
8770
5004
1924
4070
8567
7012
5254
3284
385
496
9325
7117
8406
7616
7342
3985
9811
6592
5426
7654
5294
4546
6313
5526
1642
2528
1347
9187
946
4757
1245
5171
1890
882
9574
1906
7468
7469
7810
123
9238
1220
7781
4015
2198
1414
625
176
3177
5356
5784
1354
2096
286
8147
4223
8691
6398
2427
6038
5664
6066
2337
5628
9250
4153
5226
7523
8041
5436
6516
2341
8781
5302
8415
4073
6765
2297
3328
228
1903
1171
6009
5590
8972
9891
3075
1604
2734
5351
3214
1070
5041
1772
4458
3172
8882
2153
4764
8044
6188
3101
2134
7741
8839
3443
2572
6794
1870
4073
7458
6393
3069
2199
4135
4493
56
6747
6655
9359
1078
3621
4789
2690
2221
5445
7300
7009
843
5243
5191
4611
7533
5283
4040
8802
9037
8268
6751
5529
7318
6280
9734
8660
7892
6821
8001
2841
7637
9965
3115
2135
5498
5405
6966
2566
8311
9443
5519
3393
6143
5563
5950
6626
8882
2847
8860
7786
8159
5332
5456
1788
9995
1125
2040
4797
3887
6128
4798
5400
7444
4458
9371
878
2128
3056
9113
2127
8317
1473
490
9593
2748
3357
9386
1754
329
3107
9778
5045
7960
214
4681
2304
4508
1326
2139
4372
3364
2168
8679
2183
4645
118
5948
1684
6191
5072
4498
5826
3733
6732
9469
6686
4841
5862
9039
6637
1739
285
4468
779
6350
9752
7440
7230
9776
7067
6369
801
916
4741
8762
6148
2794
8307
4948
2629
7409
7701
5563
5256
8609
3951
1311
1227
745
7995
7462
8646
2286
5501
2632
3079
7700
7899
5832
4892
2678
8718
1907
9124
8703
3697
4909
8992
7969
3320
3891
6534
914
6409
9228
4037
4722
9211
2170
2398
8441
6212
6484
1781
9604
7723
8514
5414
2108
5683
8448
4895
2474
55
9951
8691
5794
6438
6553
4911
9042
2318
3258
7425
4103
928
7731
5877
6273
8595
8356
8489
5728
3434
6451
6466
2233
126
9520
980
5182
9495
6884
2286
4872
8996
4059
859
6458
537
8243
8284
2658
7258
3356
6122
2954
9059
7677
8675
9991
2637
9141
3513
7327
9959
9166
9040
3603
3484
6457
5667
6917
5572
9729
9547
5434
971
2553
5107
6869
6871
9418
5736
351
72
5831
8469
77
328
3512
3174
2449
845
988
2545
353
3370
4958
4912
9829
5018
7255
2973
4079
2576
1366
7085
7529
3809
687
1982
6505
2569
1805
3119
3218
3404
3161
7255
4128
696
8962
3274
9972
3282
3217
6072
4583
7183
9193
2063
6013
7640
5277
1851
9616
6444
1656
7775
8705
8745
940
6268
9641
1530
6668
9880
9039
7869
9326
6949
209
7703
784
9133
6055
3980
3001
797
9359
5293
2501
345
4616
8624
5969
8865
7291
9954
3503
6773
1748
5385
8549
5382
9756
2694
3633
8442
6613
3336
7033
6714
7856
2244
1854
8309
6855
6144
5795
5635
3443
859
8416
3411
6244
594
1652
1016
5560
7803
2588
9084
4365
2553
5200
4823
9154
5402
9376
3361
346
4559
4183
6022
8260
5786
2488
2372
6770
7660
2009
1147
4159
7868
3330
889
6969
5137
9138
9161
1041
2617
2881
8810
748
7948
2349
5303
7043
7030
9154
1453
6767
2433
5288
8883
6675
2394
5151
457
8106
9280
4246
7900
5793
1441
4925
6497
9222
4311
7854
4017
6263
215
2319
7729
1677
5372
5273
311
3437
7184
5328
9740
8505
555
4379
1725
2579
4446
4213
4574
9985
8681
1055
1761
8370
4980
3016
9307
3023
5852
6081
2731
9175
5137
5189
6552
113
7558
7206
1302
7120
4840
7019
921
3951
4506
9395
5238
7061
3199
3917
4775
98
3279
4031
7582
9159
558
9359
6697
2356
5966
7288
7585
1103
2597
564
3367
5365
7827
1611
5021
7240
2910
7453
5145
1661
134
7809
3864
5585
7778
2245
9823
1935
1305
2632
5895
1106
7607
7392
9554
8199
508
8946
1154
7551
9434
9817
1353
3942
6027
9872
9233
1588
8896
7535
7188
5825
8885
5920
9025
2749
5494
1111
4577
3720
7464
5650
9797
9964
4668
2261
7758
435
2056
6821
6731
3963
6299
7593
2227
316
6455
9922
9557
7906
3012
8235
3038
3770
5444
69
2220
1686
8366
6805
2704
9397
4369
7433
87
3784
19
1389
9273
3766
2113
8798
9531
2074
803
3224
9526
1292
3693
8709
6293
5572
1553
6671
708
9229
2611
6027
4520
4598
41
6071
2068
5250
4116
7334
9593
8865
7506
8442
296
5066
648
5791
5792
4213
8703
964
2967
2219
543
927
7992
9657
512
7132
7843
7698
6725
857
1172
3992
6868
4675
3725
6042
6729
4280
7957
3468
3631
660
3785
5251
8412
1226
4923
5762
878
6494
525
1647
3060
2300
4054
9113
8079
2411
4738
6984
9491
1895
2139
6648
7269
6304
8198
5973
2066
9750
7484
4423
3006
9498
8588
9882
7142
2741
1244
9286
2208
2080
6819
230
331
9525
931
4567
620
4612
7962
4318
9542
972
3977
1735
8521
7137
7981
2108
3028
8950
3696
1128
9010
6102
8640
3562
3712
4172
1971
5337
1166
5451
4776
7410
5076
1908
6316
7743
5372
3630
5353
7453
1787
3166
4880
2033
5520
6853
1361
4
4760
9136
6257
3258
8384
5691
1220
4229
885
7369
855
6447
2641
2625
3151
4090
6196
6567
6659
6612
820
237
6735
9397
3596
6242
9340
5844
1221
6607
8041
6859
2811
1966
577
2030
9193
1518
9026
9385
688
2087
6858
8002
2775
8906
4812
9162
14
790
5837
8952
194
4749
9184
4522
2400
6860
9661
2141
6350
5375
3008
4277
9327
3995
3636
674
2047
1120
4896
4677
7541
7273
5923
8732
3378
8732
6622
4690
1430
178
5829
431
769
9089
6665
8062
2781
6055
9629
2333
1856
6884
3035
5312
9078
2581
8675
8779
5269
4137
7114
8894
5893
1159
1411
2920
8825
451
1144
3667
237
4971
711
6171
9546
2577
3508
238
7330
5574
7893
5992
1490
2563
2820
656
4238
610
9653
797
57
7843
9420
7292
3063
6935
4537
9610
7678
3744
9236
2329
4911
5962
2096
6885
6173
6863
5766
6501
9072
8436
1448
9695
6244
1122
7403
3330
8338
754
8681
8214
797
346
3610
2394
5550
3419
3107
2610
8039
3897
2560
3585
6337
5564
1081
5528
466
5934
4483
7375
4844
3152
1724
1620
6394
9725
1047
1940
9531
1207
1271
6924
5063
1022
1531
4564
2352
9701
1335
2753
3755
3156
8462
5175
5876
7862
3357
680
41
1875
2863
2403
6270
1306
3370
7645
8621
1989
5999
5824
2371
1167
3078
6831
2626
5636
8522
5314
4032
6516
3176
764
4599
1729
3619
1688
4689
6549
5743
8531
6367
367
1899
7656
8344
8867
653
3756
7652
3885
5942
362
3702
5511
382
2588
77
1631
2548
240
9340
8042
6647
3525
8698
2098
7804
4540
7686
1681
2956
2072
6245
7468
9456
2003
9267
5421
8487
3759
4982
4765
7662
147
573
2813
7062
9088
1347
1031
1610
3058
4000
5503
9191
8325
3720
8374
8957
6245
1062
6113
6070
5970
929
3870
4116
6233
6054
8378
3320
4655
3144
8789
5258
4574
380
6500
2951
5885
5035
8716
3193
6655
71
9898
8071
742
8276
1131
8283
893
6464
2241
2696
8869
8695
1691
9217
6703
8696
828
3033
2968
7710
6955
9914
5211
244
4617
7945
7220
5422
3072
1210
2345
2919
9415
5899
1030
5798
3374
7957
4923
95
2427
8191
902
6093
6388
5878
8688
7282
6247
7188
4206
5682
224
8944
3116
9984
2860
497
3658
3186
1063
5470
3391
1030
350
5949
9280
5792
8187
904
5322
2871
8110
2872
5283
8763
9011
9117
3856
8738
9256
9937
9175
5883
7003
6662
2695
471
2783
1046
2938
2876
4298
1736
9032
6956
4799
9872
5742
439
6598
2895
9095
5343
1866
1335
7572
7351
3660
4352
973
3742
6641
4920
3929
1125
6295
7507
4027
3687
3254
8808
3009
7140
7966
2445
8572
6373
3840
8326
3963
9139
3375
3416
2140
6361
842
3831
4017
5668
9090
5343
6810
8430
73
9195
6235
9378
7807
7906
661
7292
5844
2055
7185
7789
9886
1954
7377
9421
2762
1198
3511
5333
388
1833
367
3225
2779
7568
283
2463
3489
8359
4596
7910
1998
4578
7066
8770
6210
9193
8566
5933
7665
6671
3294
1320
6231
4350
6474
8887
6454
4596
2905
7891
1831
1477
8042
8239
8828
3010
6598
239
7623
8197
3802
7485
7458
9274
5791
5307
4888
8606
3210
3568
2632
7578
7667
3717
8539
9047
6993
8429
1093
1395
6009
8893
5454
6705
6079
521
6535
8826
9941
3200
2595
8326
8309
9468
2868
5808
3861
6956
8558
1166
3999
7848
1385
9336
5259
4253
3809
4325
9700
9781
6016
8169
9145
6228
2188
4909
2031
753
3195
5270
8772
6061
8664
10
973
4305
9268
8199
848
2730
5185
37
9870
9927
7396
8161
7507
6117
1446
1825
6712
2210
9126
160
7184
4425
9181
2081
7280
7959
3777
3108
3761
3287
2394
7938
9183
1375
8362
953
4984
5609
3477
6970
4596
5978
8298
9218
8831
4027
7401
5913
9307
1369
8558
6561
6934
8504
2826
6547
5124
7186
919
2888
8952
2076
6276
6582
7532
9457
8977
6132
7755
492
6840
1102
8733
2156
5563
1205
6127
9963
3249
3252
558
7864
3801
2391
4729
5832
1003
679
8549
1814
5829
7797
4689
588
8017
2520
9702
1715
1685
9374
5049
1269
8157
8814
4529
7455
7828
4778
2940
1620
420
5160
3937
7666
2330
1088
8274
3884
1853
1699
8454
8298
7582
5940
4663
9042
6413
8144
4139
3043
1502
4412
8278
3875
8202
9288
9706
4987
7862
7273
8004
6225
7738
6928
1394
668
3860
7022
8258
6928
4245
5817
9861
9985
919
6751
3686
2217
4150
5486
1042
9684
638
9896
118
6008
6882
61
9463
3042
1382
3286
6022
4579
3695
2228
559
654
4546
3995
5182
9390
9886
7210
8797
5684
4550
8292
2955
1451
5601
7489
837
2376
6230
8320
5586
7841
6810
5385
3785
3798
7558
5216
5546
959
9794
5281
6289
8691
6191
3032
7670
154
303
1652
9797
3428
1099
4433
1458
8590
7106
8012
7440
3892
2449
3646
8349
5375
6642
2718
3844
9160
209
1383
1831
4669
1663
7838
5890
9268
2002
4264
5259
2569
9819
682
2072
4578
8522
2158
6742
2376
3927
5195
6692
9546
7775
1654
8509
6148
6932
914
2049
3473
9188
8509
9945
8920
9820
5127
1764
3260
8543
2189
6587
2841
2752
4871
4073
1767
1574
3770
6853
4483
5975
1467
5232
5014
4691
2285
6894
9
9329
9741
2335
1087
2215
1785
3380
1309
737
3151
4757
3394
393
3481
3833
1737
8607
3850
6793
2904
7580
6742
4573
3162
4061
7565
7498
7721
3276
4930
4229
7535
8233
1755
3931
8801
9854
5499
626
966
1490
2764
1030
8422
9012
3459
4090
2494
7633
3494
6406
840
5491
3989
2428
2586
5167
9172
7026
4650
4287
5659
8032
5806
8922
7222
5160
8637
9549
5032
1883
3108
3224
5826
1413
4816
5711
6150
4149
602
3474
5004
87
9781
8524
3388
2043
4244
9326
1344
3633
681
8473
5976
6679
5831
4731
5223
9500
1790
8298
5453
2944
2601
1611
3298
7616
9665
2575
7612
6875
9017
5023
6424
1175
9283
5572
8250
7282
5533
5178
916
9310
8205
1398
1201
4634
7247
9147
5582
84
487
6650
2359
2303
8021
2059
7486
8170
5225
5772
2378
1668
1714
4469
4616
5658
2048
4800
7395
259
6481
7941
3967
6611
7382
6142
4738
1202
409
8663
368
517
6993
7528
6387
2366
2664
4120
3154
7223
8085
79
2056
9760
2800
9247
7596
3735
6782
5543
2585
2446
1752
5323
3603
2546
2683
5747
4921
1878
7320
6283
7761
6561
5403
1860
4675
4186
8081
2249
2993
7928
1646
171
2173
6401
5884
4206
3810
8135
8546
1003
4420
4865
6077
7922
8765
1669
3924
3841
9683
6916
9199
1276
9902
1802
2318
5495
4357
940
4572
3410
5653
4532
2549
4657
800
1580
3150
7201
6661
8477
1936
6786
3332
6317
1862
2895
483
7481
3094
3006
261
4240
2566
6077
8729
369
268
370
4082
389
9848
2870
3562
5136
5349
9887
2315
1420
7121
7185
8518
6723
7179
1205
4980
2413
7943
3585
9939
9423
5011
6875
7845
1565
3148
1413
1966
6472
5928
431
1312
2780
3119
6272
8628
9065
3223
8196
968
1974
579
9063
360
5909
4487
3538
7060
1360
1096
6315
2425
6683
430
4659
5378
2972
5024
1997
1987
3936
7921
5842
5491
6690
5872
5738
3604
907
2577
5914
9190
9747
2616
7965
8843
5947
6515
1936
7078
9610
4352
605
5375
9612
8005
4628
2349
8459
894
5655
4041
1226
6209
7032
4052
4736
3571
3669
36
8748
9934
6153
8783
5182
7125
2678
4067
2465
5815
9430
6456
3088
4918
2376
9583
7316
467
5879
8685
1244
3389
5144
13
6921
1873
7964
3538
5583
3912
4107
2375
2845
1899
8330
9676
8199
1822
193
2487
5326
561
9884
2644
1463
9199
952
6307
3832
7449
6736
4269
7692
4984
8792
5358
4790
6139
1861
3309
9161
9140
8483
8553
1708
7054
3611
1188
6587
2700
1384
5494
273
3391
3358
682
3505
2499
8549
7722
920
1656
9706
8134
7175
9837
4683
7860
3107
2971
4885
2059
9960
6883
3325
6186
2077
1330
935
4409
5587
9764
9720
1131
6064
1242
3995
4300
1626
8109
1853
2290
7590
4139
2389
7505
9433
349
1377
1871
2371
5750
8081
3615
7815
9325
5533
3390
65
7171
8604
2174
1564
4139
2134
1156
1935
8575
2070
5933
5841
382
6234
4997
1118
2595
4468
5820
4494
5820
6752
1728
9953
9064
2038
9837
1682
6104
3316
6739
5708
605
4234
4454
9505
9679
726
3450
2005
1232
5569
858
8279
5443
6029
1988
9515
3083
2497
5219
4856
9713
8895
4245
419
6875
2220
2499
2101
2296
9473
5830
5259
5330
225
5236
6147
1780
5491
1438
1869
1018
3815
3262
251
5894
3449
4509
3035
49
322
8598
3607
8096
1882
5994
1710
9989
4035
2629
7458
8226
1348
9708
1758
9738
5599
2948
5218
793
5841
7735
7592
1058
3349
3837
5897
5633
3993
4524
3425
7711
9463
2052
1974
875
2223
7162
3448
4230
3526
6157
7745
2861
3980
3642
9669
4107
1503
513
294
501
9290
2241
4208
2586
1006
2549
4746
8044
96
6076
5995
9510
9204
9747
8762
9296
7733
883
7515
8437
9499
988
7267
9683
9989
4730
7077
9707
4167
1790
4130
3480
4230
2924
8420
7222
7844
9387
9868
9673
2415
5403
4133
7449
161
8235
3657
4232
4879
373
6373
619
2997
1857
1001
8302
4974
4524
2596
6276
5471
5039
3877
8306
1946
2515
5280
6280
1327
1540
1452
8345
1015
7841
6021
4096
6854
9817
9521
1754
1072
2845
4827
3794
5417
3510
482
2372
1922
117
2247
3319
6790
3592
4202
7376
1526
5827
5502
7646
2954
7377
2905
3338
8920
8027
9604
5156
5835
6905
1447
5156
5002
842
5203
2626
211
82
2888
8436
2032
2907
4357
1209
9293
8132
1554
7422
3638
8645
2570
1027
4315
1875
8799
3694
9939
1489
4873
7389
3905
5326
6537
5017
8670
7090
8317
5948
8388
1575
7164
1443
2938
7066
5614
47
3020
1696
4045
787
6473
2181
1517
7190
4334
420
841
3127
2042
1508
2686
8722
5208
5499
4530
6706
6370
9340
2538
2203
9815
5605
9034
2062
1480
1126
8088
7248
6260
8752
674
8242
7444
4086
915
1723
3808
9346
682
8249
6248
5190
3906
6879
8889
8442
6235
7439
2535
8908
3677
3679
9157
1842
972
867
3147
9455
5709
3207
2331
3593
6866
3289
834
4444
1278
1122
4583
2807
2898
7023
8657
4289
5954
4625
1698
2155
3173
3038
4891
649
4713
7352
5074
6995
9085
5602
3113
48
8576
4353
3637
7474
5917
2655
8323
616
6045
4444
7164
5112
2855
9728
6010
6654
5022
4868
5887
6347
9168
992
6281
2671
8316
1682
8880
9514
8215
3839
5358
5676
8008
4535
4230
8544
3385
1182
8371
3298
6301
1081
6109
8728
5873
9778
7794
4984
1341
8420
1972
4217
9714
6766
879
7584
8071
965
9158
4235
3775
8809
2401
2206
9086
1488
7103
8320
5497
7465
3268
3839
6496
2588
46
8086
4882
7552
6797
8537
3888
3895
8172
9794
1866
1141
5961
1242
3656
6646
473
2420
2023
4135
9523
7491
8679
3903
9642
4385
2675
9474
9487
3876
5152
8133
7720
7125
6720
2792
2701
519
4168
621
347
9880
636
2607
339
7944
5526
5860
4663
8850
6992
848
1815
2361
3065
2554
9407
978
7909
2412
5862
4414
4407
4296
4641
3733
3421
8835
4522
863
3945
9953
8251
1402
3788
9642
6854
6072
3563
1698
8858
6814
4810
636
6884
4304
6317
5358
4060
4165
3385
1722
2609
1755
4759
5933
5472
6340
7965
6606
4522
6690
1338
3800
4905
7038
2596
413
8573
3422
5699
3334
7415
6211
3553
9047
9603
3770
7411
337
7415
8063
4775
356
7478
2222
7344
6496
6643
7854
4170
514
8107
6956
7175
2168
5476
1009
5731
9845
1708
5904
6785
638
8466
50
4307
6397
8202
5711
6329
1701
8928
7627
9191
6459
1915
981
6321
2683
9693
6100
3769
718
9252
5185
5227
458
9036
1385
3571
8594
8039
7565
8629
1511
1277
4137
1890
7427
7915
946
8293
931
1525
2468
1585
479
7765
715
252
4494
4687
3048
152
5607
2134
6066
1385
3281
4823
3848
7361
6816
2139
7735
3662
1362
8998
7680
5182
7777
9091
8894
4768
8747
7806
2837
9193
6784
3599
4748
2693
8320
1132
9077
3906
4991
7413
3021
9376
5210
2751
8608
2604
4066
3584
1476
8791
3789
8805
222
1481
85
5533
2474
5403
5793
8280
1404
7801
9297
6873
4601
9682
75
1155
9041
5684
3062
3829
8671
3948
5976
8304
9971
5026
482
6290
701
5162
6329
4045
5403
7978
3376
3267
2608
2786
8657
3673
8112
6711
6009
5220
78
8337
8149
8926
2528
2910
4542
5792
5729
9960
134
6273
5504
1780
5562
7448
4920
9503
7578
6241
1471
5251
1469
6623
6305
6808
8547
6254
7026
9388
5716
1959
7939
756
8225
1633
6876
1555
3761
7791
619
537
8316
5443
7843
7103
7762
827
7224
1208
8753
8609
9133
9767
3748
4827
6868
1526
2621
5720
4362
8288
8765
6340
4244
8175
8334
4748
3555
3928
572
3365
5742
9786
5621
934
6934
6025
8780
9202
9045
7720
9030
5817
635
7107
2826
8172
7007
3397
4764
5350
8934
8040
3428
2331
1771
1976
1199
9668
8769
3014
7271
3295
636
5387
2866
9346
4146
2814
7892
842
2746
3419
6675
6642
9257
2948
5704
7136
5348
161
7740
158
9164
5222
4430
7702
6358
3289
9163
4958
4826
9111
433
6030
449
5735
5181
5247
4240
3479
4026
4193
5504
3921
2604
5514
1364
6786
3074
8823
6271
4062
4319
8607
5274
7113
4130
5414
957
5164
2988
856
3651
2934
6016
3634
2986
645
6193
3522
7766
456
2896
1868
6135
3547
4653
5242
2618
8915
6337
9571
215
339
8686
764
4791
1826
756
3335
1604
9766
4290
9075
491
3169
541
2569
7905
8969
2528
719
593
9552
1056
5815
1166
2451
2471
1726
2459
8888
2796
2041
8827
3416
641
3311
4248
5252
8842
1160
9888
2857
1917
7999
6165
3820
1377
2966
3005
2083
7337
3648
6387
5618
8978
662
9283
2870
9597
2340
9354
9030
875
2716
6970
2249
248
7074
2528
7230
8321
2652
126
1368
830
7736
7634
3056
9649
7345
1074
9504
8720
376
1550
9147
5653
3208
4438
9978
4027
1377
5654
6502
1805
858
1981
9201
1029
3915
3571
4302
437
5775
3762
4684
3521
5018
4787
1242
3028
6227
3221
2251
1266
9850
309
499
1165
7822
6595
7039
2636
2550
3202
6943
6997
3624
9563
9972
5754
8433
2026
5733
3773
6771
9067
2945
6614
6865
5625
635
8420
3195
6950
7800
8156
3402
5236
1955
549
1482
8036
3206
7320
6531
1665
7887
2572
6818
7686
9897
5454
4815
5487
4594
4200
7487
8478
4494
782
7363
3885
4299
2196
5960
8619
9440
5599
5401
8786
3595
8388
7608
9422
4272
397
8819
8413
7242
5106
1179
373
9795
9179
5728
5180
3605
7708
2355
3600
669
4924
741
1172
3186
7596
3736
1010
1359
7912
2224
2287
7170
8031
4091
1509
7846
5392
1214
4197
5380
9073
1236
9387
9603
6990
4089
5120
6468
779
5013
1732
3244
1801
8117
8670
7646
6436
6236
6675
6660
7809
7053
9329
2881
8891
3202
1763
5087
4218
7334
8212
6493
8157
8220
1595
3688
1353
1568
6195
3507
8616
4541
579
2899
492
9043
5369
9913
5421
3863
1409
9156
4539
7537
7570
2020
1906
6506
712
3788
2325
32
2249
3445
6801
5238
5086
3581
6522
4981
6292
4867
41
3168
8043
3267
6473
6430
2388
9847
7832
1849
9666
355
5924
9056
1954
620
649
9574
1781
4847
856
2407
1181
8583
2292
7134
6097
5253
3957
1788
3391
439
7571
6542
9115
1370
9493
4302
5546
5476
4117
864
5955
475
366
1894
7520
7744
3284
4465
2931
6947
3199
1444
4011
7633
1986
9460
975
9339
332
7135
5890
6044
8458
9227
2783
9382
9941
583
1127
6346
4028
6305
730
9992
6452
705
8217
397
9613
8352
1969
9491
8856
6443
7239
6126
2530
1481
9384
33
3327
6207
5144
6982
4973
9910
2017
1139
9110
8138
7803
2700
3338
6585
2919
6894
714
4019
1181
1280
1243
578
9725
1979
5165
6399
7187
2015
1987
6657
6851
8459
1199
1093
3019
7821
1160
3747
5018
6541
8688
7077
1286
1475
549
9268
6152
2271
3524
344
5412
8511
300
8103
8790
2749
6481
3165
1816
8574
2722
1
9151
2453
1287
9344
1501
2244
3566
5097
5733
6966
9000
4639
2591
4165
9291
8250
1430
5896
246
4916
8491
1642
1244
8339
8158
3095
2303
269
1339
7995
1930
6443
3818
8687
7926
8833
187
1204
7767
3907
8705
8426
4610
8445
9510
5660
5511
4625
3458
8231
1734
5920
8328
7806
1510
7508
1209
2948
1185
8405
9941
3296
3757
7738
5035
2557
821
3904
6238
458
8062
225
8128
6339
6211
64
7032
2798
8828
2498
7584
7678
6811
3108
6260
6010
8115
6012
7176
417
7624
7239
19
9362
3966
5408
4668
6872
3410
6953
4839
1606
8386
2999
168
1509
7791
1988
1594
1445
476
8410
4119
8687
821
2262
6484
649
1477
9024
4441
4808
6728
5820
2834
823
206
8766
2372
802
5395
159
9388
1875
7658
5977
9292
3811
2939
4751
8219
6126
4417
5730
9941
9213
3119
1331
8541
1703
8924
4019
5395
4385
2511
30
4878
2565
165
9345
1302
9025
9615
791
6050
317
9021
2244
1029
4843
2970
2672
7710
6725
805
8315
391
997
5879
3620
7703
8874
224
669
1878
1376
4763
5002
9363
7628
1098
6726
3646
3593
3448
9194
6510
3626
9680
9623
191
875
302
3697
8733
6252
6309
8670
3580
4196
9639
3880
6686
6545
1642
2427
8800
8946
8913
4673
5554
4019
2881
3401
3745
6244
9026
4116
3276
1611
1804
6764
1317
6255
3428
6828
8572
6527
1936
5626
5067
6092
1422
5167
7988
7217
39
7100
1951
1020
394
7563
4713
5007
4069
6172
7993
6901
9952
2488
7226
2192
5393
1968
2391
2874
2563
431
3116
4813
3855
2272
7010
3287
9605
9461
2596
7714
5412
6527
6204
1925
2165
2255
1217
4240
2051
6309
2185
7256
8834
1671
6575
9447
8399
2875
698
9453
2775
5113
4654
9608
3983
7137
7165
8121
553
1426
5401
4608
3576
279
1488
3425
6284
5300
27
3138
751
8150
823
6253
8245
5860
5978
2184
5697
7562
4887
6730
8762
3142
4938
298
1873
6596
7941
5027
5090
3095
3687
624
908
7577
3679
8555
182
3149
3163
3099
2848
7560
8702
4624
4289
8400
1362
8123
1158
4981
2423
2990
6539
8670
5845
433
5340
1189
1552
9687
7359
4999
8048
7655
4463
199
5345
668
2180
7423
2002
2547
4399
1788
3882
1202
4440
314
6009
3472
5233
9818
3868
109
671
696
4085
2237
1731
3245
3214
8992
1597
3475
5739
7848
9512
1046
161
4090
3054
694
5942
3734
2978
9876
8591
4751
4788
4643
5993
5026
5180
8079
4454
7540
1130
7938
6983
3766
6113
3107
8936
8935
4209
3010
949
923
6048
6033
1689
3393
153
1918
418
4538
3876
133
7130
795
2105
9334
7449
7088
7252
8187
3811
3518
9021
8198
6717
1573
4062
6394
7976
9946
1758
7007
9525
9968
8926
7667
8702
8754
2953
2600
4873
3261
7661
9916
3664
996
808
6187
1661
6779
5658
1848
1682
6021
9198
7431
1902
7849
9315
116
9331
3758
3942
471
2780
6868
608
7161
1869
4437
631
8694
4134
4651
3314
549
5857
9104
4534
5721
764
7874
4732
1197
4288
9910
5324
3504
770
1495
5765
853
9439
2837
3268
1114
9319
7189
7136
6795
388
3646
4318
7224
6147
6964
7713
7031
2707
8649
1573
2797
3315
3594
9351
1456
9026
2744
6182
2869
1544
7103
6391
374
8671
9778
9255
1296
1382
2199
1229
8667
1968
7738
5332
7118
3556
7508
5050
7324
2196
8293
797
2121
9921
2967
7538
5844
3486
1812
2088
6575
1006
4266
5251
3284
7255
3943
8552
6369
7708
6416
5648
507
7419
2905
829
5576
8262
2233
7900
1518
7694
8858
673
3251
6306
4270
453
5704
2239
3410
7810
9570
111
4654
7660
7701
2487
2047
9863
9612
8955
8680
9615
5779
2645
289
4701
7015
2138
1961
7582
1253
3912
569
8881
2148
3592
1999
6978
2984
3490
2848
4129
4298
8606
6077
395
2764
5244
3127
3089
6214
2370
8287
2562
9013
9243
4894
606
6016
9568
3437
3565
278
5828
6557
5658
9541
5773
5512
4109
487
5069
6878
6122
6106
4550
5316
7172
6567
9894
1937
1771
9011
8871
1367
8883
5624
8006
9867
2904
8698
1392
961
3415
53
9283
3851
8469
2048
418
853
6990
9732
9018
2602
1145
5491
2165
6456
4462
3926
7721
4039
6122
7631
1666
4554
1406
4461
7674
34
1534
5906
2608
5410
9095
4108
3462
6069
6823
698
6847
5123
6148
9040
4946
2039
9992
6269
221
3391
3459
1550
5404
8977
976
7353
4839
5784
8386
4728
2445
4008
4374
384
9318
1084
7123
3607
3506
7037
2028
6096
9632
3764
7079
2597
7890
7081
2684
9627
4561
5136
4239
4282
6575
9984
501
3630
4433
1741
9268
7678
7682
2095
8253
2838
749
5763
9722
3861
4915
6385
2762
3184
1362
7362
1918
1640
1898
8379
9462
7757
3099
8759
167
7309
9769
91
3809
9334
583
3493
9173
1765
7768
4349
8413
7537
5511
4240
1848
2126
7359
8823
4712
8175
2374
1055
2919
9212
8065
8861
1731
6054
2278
1511
4579
8922
1927
944
3069
657
1954
387
3278
1421
7212
997
5415
7013
8948
4381
6129
7658
6531
7336
398
4276
4047
1991
4934
8713
7171
4597
1268
1722
1762
3118
9486
6257
9770
9491
5609
4566
1170
1190
172
6971
5544
3290
963
1376
5639
5906
263
3684
2731
4073
9523
4942
1112
302
4875
9936
6009
4355
3485
7356
9118
1556
9659
4093
1510
9158
7242
9457
8771
1562
6487
5340
7163
3427
8731
757
1028
3558
3074
1264
4333
7584
8990
7688
3595
4544
5144
9467
4616
5672
8557
6814
7704
2815
7852
3988
3631
6869
9866
6481
8664
805
4912
1169
7585
4183
7779
7685
1571
4117
8908
2450
1281
2221
3022
1534
2565
1970
498
6966
4013
7774
4841
3099
3004
9672
7635
4347
5574
4743
7125
4158
3692
6593
2600
3528
2671
7821
103
9412
6764
7459
7896
498
6764
6106
5533
5483
9792
6317
1422
1660
6371
2899
2467
889
5964
1813
8164
7913
6547
3431
2110
6827
6992
4750
8758
4688
9620
9494
8862
4744
1867
1086
201
6553
9877
4343
6334
6897
4139
2152
4555
9257
3320
5464
7786
792
4125
1710
7563
858
9656
2190
2864
3333
5349
1068
3506
2014
7348
844
5862
298
7454
6678
9793
5285
2697
5914
1011
1621
5478
1266
3773
4395
8876
2852
3507
1527
6963
7966
563
7910
1931
8004
5087
9677
8221
6868
1203
8808
836
4320
9549
3294
6289
4257
1802
6642
5671
2501
8094
8210
698
5942
5379
8389
8416
8469
4457
2496
7561
1978
5050
9381
281
7952
8366
9450
1590
116
7063
5829
4710
2202
784
1158
1717
479
8105
4619
1050
6864
5855
4461
9871
2352
7211
5988
2625
6698
1260
9751
2410
8707
1247
8858
9270
167
3013
8337
5890
2352
5052
5554
5437
2264
3500
8495
5158
4220
6672
7937
364
9838
1445
697
6122
588
9509
7928
740
2378
6824
4892
8855
7311
3419
6003
955
1926
1888
1549
7465
9767
8728
8698
1812
301
9023
7606
8852
8715
830
8405
25
3323
9387
2572
7261
549
2735
8681
657
5085
7596
3511
5527
159
6698
8126
8845
7497
7539
3231
2332
5122
471
596
1109
2747
8885
5821
1564
1903
9075
2024
1547
8419
4866
5532
7924
847
8741
406
9191
3206
891
2380
2171
5217
3170
1652
3602
897
8761
1355
1176
7598
6072
4903
2851
8791
1462
4513
1664
6913
7116
8754
6009
5572
1963
7108
5293
1166
202
7998
8755
7133
4040
9125
4230
8091
8425
5892
9576
7232
2218
667
3141
7720
848
3949
2346
9963
2680
9133
9384
4228
8741
2277
6090
2136
6370
6599
3253
6061
6358
2436
695
763
2600
4042
3558
6947
672
4760
365
5570
4936
4431
4694
6449
5613
8289
4723
8014
4762
5330
8485
1068
8613
4526
8391
1763
3035
2093
1720
1826
2638
3515
874
9782
9971
2378
5119
6806
390
5398
9291
7920
8767
3814
9291
4310
7582
9640
6523
8081
1875
5238
1299
1028
3950
9626
2149
8073
5650
1794
3912
8578
3039
8539
2931
1421
3557
4912
6478
3235
3169
7917
7623
9364
6038
565
2301
4799
5235
4081
4180
3394
5570
3639
9950
7400
2216
9845
5832
344
228
7046
1155
8595
1486
713
4880
228
883
7869
752
2670
3162
3288
4911
3958
7614
1934
4989
3384
7325
7350
2837
1568
7614
517
3007
9400
8588
5530
9205
3712
9079
6133
3006
6123
6761
9028
7877
5325
5685
2073
3916
7366
3329
1510
232
2281
8727
5992
9785
281
4855
2447
3019
2877
4208
9586
981
968
7705
5480
1639
5352
8663
7040
3590
7028
281
8788
7197
8586
4057
9663
7699
5251
3434
5471
8239
6104
285
726
673
2596
5744
8924
8856
6632
3114
128
1915
7174
8046
6909
7620
205
434
8563
8702
6289
7919
3203
1999
9938
8794
1199
6224
5192
4748
7767
9443
8736
1347
4877
682
6978
4806
9042
9607
9739
8183
6958
3914
152
6872
22
539
7147
2042
7494
4817
4870
6769
1950
8184
7081
8726
734
3801
4545
2700
3664
1883
5346
685
3179
5826
3169
6227
642
5398
1391
8956
8962
8105
960
9289
1846
3066
8772
659
9076
3149
7253
2949
4572
1966
9397
6692
3600
8252
4072
5240
5061
7039
4519
5074
8567
9467
3693
4195
7370
920
1400
2096
3426
5913
7806
3844
7223
7792
6879
7668
5029
3885
3623
514
4630
2396
6113
1212
6429
6476
2626
2389
1326
6150
3895
1923
3585
5886
721
2379
9373
4576
3289
8156
1749
5157
9523
8658
4159
5552
9468
5807
1372
6404
211
1175
3415
4005
444
6170
3353
2480
7766
893
8293
9010
770
7275
2018
5883
259
1337
7071
4499
8295
452
596
5467
8765
9472
2873
7454
7053
876
7008
6818
1017
4921
5939
2719
8508
9580
5441
4550
9026
6892
6810
2395
9862
2738
4387
2248
6639
8276
5293
8130
8736
6872
8108
9758
578
7947
5240
971
3297
5898
5427
6889
3884
1475
7993
5848
1335
9299
7374
679
5895
2520
5473
1402
3641
8201
5605
6026
5085
625
815
8776
5583
8877
8081
4144
6813
6180
2140
560
4340
4470
1253
3127
1465
9921
8510
8387
4745
8539
912
7339
902
4614
2234
6216
1398
6706
6116
2377
2342
9213
5886
2672
5083
6651
1305
5006
3393
3848
9035
5155
7159
6813
6339
1425
1267
2346
9937
3720
9690
7217
1281
6546
9713
3475
7874
969
6643
1865
2746
106
64
9762
8218
5126
8583
8580
8043
4814
8616
3503
4994
897
9504
5757
180
4088
8275
808
4949
9051
6768
2396
2686
5124
7931
9340
2959
1607
8776
336
8363
1527
1101
8928
5090
7396
8595
1212
2842
2686
4302
5123
5104
6187
2223
384
7042
3956
3295
3786
2693
5834
6915
3694
3337
7668
7076
3093
7195
9243
5621
6435
6037
8279
5139
3466
9795
575
666
2783
5492
7063
7966
2263
4748
1645
7291
6499
2901
7547
2297
9003
8312
4990
7642
2529
4612
7407
5590
7422
320
5501
4016
3598
7064
7867
9085
6824
1047
8757
588
6466
3289
511
8293
5630
7867
4652
8945
1691
376
577
192
9647
6945
6618
8123
1047
637
2610
8854
2388
4985
3243
2462
9990
3046
4368
5198
6881
2560
467
5451
4143
6958
5831
5713
7800
6696
2011
4661
9959
8461
3898
7046
9743
5309
4369
6652
446
9743
8038
6187
8437
9903
8200
1481
45
8049
8302
2584
3499
9454
2064
9131
9909
5125
6048
2689
1114
905
322
4350
8625
7949
8894
3926
1086
6197
2718
4681
8676
7716
4752
7137
4521
4279
7014
4240
8757
4350
5667
9751
8394
9426
1162
504
6397
4766
7136
4618
9260
1680
5537
9541
9421
3688
7561
488
1008
4274
394
3848
5330
3621
3907
5782
4701
4926
4609
5629
8111
1808
3931
6764
5237
571
5956
9198
6786
8389
7529
6319
9060
8100
5420
6996
2178
5211
7716
833
6718
6526
3231
4483
3955
1819
4420
4772
5518
5379
5803
1471
157
1507
6506
7451
7749
8773
4303
8849
7732
8362
3701
2618
6744
4074
4787
7230
8200
6911
3604
9490
7209
3776
8911
1585
8576
9447
2808
3418
6151
1183
3679
1406
2586
6057
6162
7553
1593
7968
9247
3404
907
8866
3101
8355
2824
612
7738
9880
7031
7189
6571
8607
1775
6312
4261
6380
2595
4921
8874
8301
5965
884
2698
6548
4683
2294
32
687
7912
7234
5637
232
7664
199
8582
8342
675
556
8760
7964
1708
2927
6386
8961
4612
5072
9631
6274
1795
9782
4957
6671
9093
945
7439
23
6168
6552
3672
529
580
7051
1968
9797
1552
6339
943
1576
7729
5919
5705
2039
6161
910
6592
3037
4498
3736
1936
9610
2663
3757
8891
8130
2277
8965
1138
6718
2759
8559
2174
4122
6884
8230
7383
4657
958
6589
7409
8272
4129
8054
8544
5876
4077
2917
510
8183
4352
4401
5525
2431
4616
4061
7865
6823
8160
3838
7519
2587
5201
4224
8816
9169
3745
1582
5155
7930
3527
1935
2078
7908
6327
3663
5481
4608
5212
3014
4053
9359
8454
2955
2365
8357
3034
9742
9506
2823
364
560
6496
7120
9069
4821
3071
9904
9238
9374
2131
2494
7762
2580
4655
2417
2323
7616
6103
952
8579
3257
1610
5145
9785
8160
4133
2245
1858
458
6135
4002
2075
2332
7565
2967
5439
4958
8838
1505
591
5576
5370
5838
883
1558
1597
5873
8299
9948
6034
5417
3638
8554
4243
7107
8950
1350
7334
909
688
825
8045
8780
3239
8128
419
5430
5015
1688
6978
7364
8778
4598
360
3002
7886
5771
4262
8227
6563
8259
3946
1910
4423
717
363
3520
8088
457
4016
4088
7623
7928
816
9765
7531
6589
2598
2754
1138
6166
858
6610
2970
8669
6639
9040
8193
1240
9220
3178
7088
9107
4346
2429
6879
6135
4357
2522
7764
6898
7341
4557
7671
2889
9741
849
3781
594
5471
1297
3173
1507
7088
396
7400
7335
8939
5753
4077
1323
5327
6848
1236
838
6999
8515
3582
8387
2886
1395
2232
76
4989
4239
8825
6301
8939
80
8928
5790
5259
7598
5768
7923
5
5581
2018
3950
5028
9544
7196
8603
8444
6441
1571
493
3320
6833
5890
1225
7266
5394
7708
4076
9064
3096
6517
2849
1570
1099
8396
8859
6825
8287
6064
7728
1079
3313
832
1418
6497
9632
3358
3341
4199
3629
1632
8548
2668
8332
2981
2105
4189
7702
8523
9864
9890
1692
8858
6909
9063
9169
2379
3929
1148
8336
1777
156
377
3843
9413
6
6000
4472
4728
7634
2035
4366
9877
5435
1463
7969
180
3238
8117
6290
4669
9122
9764
6199
7838
9387
4454
3923
2354
7328
7253
9428
2193
5862
1851
1476
8170
8825
8918
2974
6104
9717
2974
888
7829
5523
1814
3422
5445
1094
8988
9141
5811
4857
3667
2654
391
4178
6004
26
5551
2077
2117
7399
381
2606
2173
4014
3584
9987
9798
1355
4319
5143
186
4951
6148
8875
8369
2314
7572
1031
8478
1260
8339
8111
3616
7335
2194
9196
1084
3992
2820
8892
7422
4027
7600
5574
507
5222
3349
7799
9838
5457
1296
7632
4821
668
4671
8716
6506
1515
5808
3689
2453
4519
3598
857
9060
2269
8990
4838
1820
4387
8903
5805
8535
5426
7720
6158
7351
574
8368
3147
8965
9772
1193
3021
9964
707
3290
2948
2664
3478
2690
9568
8184
9130
6439
2902
428
6742
6514
8238
6232
8511
5979
5450
6553
5490
9097
9395
2947
8512
1364
5932
3147
2660
4724
2680
3326
577
893
8352
8979
6041
2173
8341
1697
9335
7620
9405
8987
4818
5730
608
4059
130
6914
453
3792
5742
6467
4473
1610
3894
0
4151
2113
6758
6420
5523
4405
3758
9576
9850
5849
8161
9258
190
6337
7638
3752
7218
7869
9692
408
8129
2781
756
1872
3017
5745
4270
8887
7583
4110
6419
6742
5084
6041
8022
6227
4939
2914
2096
4999
5228
5242
5880
4758
5898
871
6724
4116
6154
1990
9248
6603
1918
3486
1870
1369
1357
4886
3403
9778
135
4870
1992
5739
9430
1419
4173
4148
8315
1411
8813
4304
5773
4692
5179
2887
6901
5997
5973
2145
9021
154
2733
5593
4862
9815
4824
1598
4170
6652
4870
53
9510
2318
4864
358
3249
140
5328
4479
6697
2575
5801
4743
3176
4944
830
7225
8307
8983
4468
5359
8912
1258
756
9980
2137
6398
877
9614
6594
2575
9978
1662
6540
8759
4793
3454
9828
4821
9637
6761
669
1494
5447
6445
4353
7990
2416
9917
8985
7599
3291
5187
2184
9510
1141
8251
1561
4883
8221
6851
9262
5714
7884
4122
2597
4138
8202
4416
150
7376
7396
3485
9345
7706
4690
7417
5811
4311
5627
4146
3981
959
629
8995
9284
4790
9478
7030
7618
6542
1892
4945
6600
2786
7498
4954
3610
1324
3848
214
9787
8000
9767
1608
202
9805
5841
4477
4819
3723
2440
7250
9255
4074
2869
8302
5085
8888
4838
7806
4659
1171
6798
3608
5483
2450
6885
6559
208
9736
3806
4486
463
5413
4359
5981
1192
9020
8792
9478
8949
5001
2210
3895
4101
4642
5690
2526
9916
9195
9868
4721
6486
6041
5555
8615
1202
6159
6125
7752
2920
9281
4268
5083
9916
7954
6787
3841
9714
6887
7110
6065
96
5359
8856
9657
8960
2902
9506
841
6759
4359
6642
1012
9867
9085
7999
4421
9857
5743
4779
5033
2895
1040
6558
9668
732
7127
3978
6147
7855
1848
2811
3029
2085
3803
4625
1126
7184
5897
9654
8299
6652
5284
992
8561
2638
3255
5216
831
9954
2365
3984
3971
2108
2077
3169
9055
8801
9188
8925
1833
8924
3359
2985
4911
1547
3613
8927
6063
4459
6872
7236
3960
6088
6480
8380
7611
47
7997
7029
7476
1911
3146
6192
5490
7864
8839
920
7
633
5570
2325
7995
6972
7821
9374
3292
2298
6081
7013
9025
4328
9152
6372
3081
5128
23
7882
5627
3696
5558
9008
804
2159
1448
9922
5777
7167
7495
7046
2707
2692
8919
5429
8889
4547
9241
6988
8266
7105
5087
5312
3966
983
8003
3148
2758
6774
3111
361
7840
956
5292
6310
5075
6562
1521
5835
5524
7899
3596
6125
4803
9034
4305
6332
5408
3723
7483
8533
5887
3035
9616
8522
8609
246
5041
9820
4156
8299
7163
9003
4055
7133
9206
1751
7400
2609
354
2327
3026
3405
1463
367
3508
8962
509
4931
6678
1671
7740
9035
9291
4577
4474
4804
1340
6770
7701
4828
1520
1700
1679
7224
735
4593
2069
7669
9828
2554
8932
2799
3368
5156
5507
2482
1572
9248
5013
9646
9737
109
3142
2485
559
8128
9712
9478
2659
4401
410
629
4907
5525
806
1326
1725
4238
9631
8915
6892
2840
5103
4123
2738
4940
5666
4135
9069
1992
3232
2092
1757
8054
5091
1410
8558
9194
6665
2607
4881
2591
5009
5427
2144
8302
7892
7842
4349
4181
756
7333
9616
6097
2754
6897
5006
9018
9746
5618
2461
5576
408
667
1168
8317
8872
6852
434
9396
2767
2531
7573
7023
4033
4301
7830
9675
1979
4435
7048
7824
9786
4888
1235
5899
2475
5659
5300
8194
6404
9539
9447
1046
146
9304
2182
4342
4259
3826
9430
1039
7408
4952
1413
8225
9759
2593
2063
8453
9066
5330
7038
5310
8569
4636
5790
5520
9431
5268
5841
3212
1552
2240
2992
3228
3083
6527
6877
4729
2119
3488
5416
8153
5004
6009
416
4833
3474
3010
6140
9882
3595
6847
9127
1073
2501
4136
2476
5509
3514
6662
4910
8991
7984
6218
9487
5167
1960
8185
5141
3232
5715
7334
6334
5578
9914
8885
305
2560
4220
957
2045
6420
9127
5959
9617
4705
3113
1918
727
8946
4050
1367
1215
5456
8577
6424
168
8786
6522
5248
2872
5289
7868
2908
4166
6260
513
3548
1158
3615
3830
9916
1289
2556
4616
8490
9863
2025
6600
4782
2054
42
7458
6195
9182
4348
6119
877
7001
3489
8717
1519
6038
8972
8085
6755
8551
6219
1792
3356
4191
9564
759
7111
5115
4134
77
8658
840
87
6561
8143
2185
1740
3194
2830
7831
1673
3726
9817
141
9635
6547
7669
4898
2311
3877
2317
4470
7860
9938
3644
232
3244
590
2490
9282
346
1079
5047
4271
7460
36
6914
6928
573
9333
4298
5778
5255
8924
6878
2493
1974
3214
4555
3017
3090
2213
2803
256
7760
4187
2979
148
2916
7910
8941
1149
703
3547
7484
593
8678
5546
2680
9599
9632
740
4324
2978
9579
6539
9215
8936
3059
1151
8257
30
6034
9473
6191
8133
8276
4791
6510
3272
7057
6765
4011
2662
392
3148
5074
1707
1439
6284
3815
6428
534
4956
3384
2349
7888
9825
677
1221
4972
4043
7089
1765
9652
8910
5115
1230
7356
9351
2317
3886
9036
9407
2541
2867
6729
1661
2586
6430
1464
7508
7496
6774
7335
1829
9496
1077
6088
3842
244
8451
4114
5288
8300
3014
9676
2246
3010
1481
8032
3843
4351
2088
3967
9928
7391
1126
2415
517
5620
6227
7238
4246
9756
7463
6546
314
4429
7823
9414
4038
5142
3513
9106
3866
9772
3747
1106
9527
3190
4482
8651
1105
8398
7621
3156
5408
2807
7407
4438
8369
8662
5571
8221
4017
1212
9868
5532
836
6467
9362
7816
5186
2066
3993
8701
837
2981
100
156
3643
19
2887
7326
1137
7575
6133
5847
2135
4307
1138
7506
7022
3384
1045
5376
9570
5291
5089
2654
9903
8215
269
3059
3828
6666
3464
9038
4404
8919
2319
2426
2706
7250
794
8349
5774
8245
7084
6442
5078
4020
3396
6529
5329
1855
794
1802
1021
8617
9130
5545
7892
7446
252
5428
9749
9827
3497
4471
4110
7094
1443
3215
1987
8711
4799
9771
2590
2695
9601
1325
8207
8647
7575
5883
4818
3740
7730
1973
5871
1662
8017
5786
9789
6773
4534
5259
6998
5365
8600
5946
4747
2612
2331
7984
2576
181
4541
6617
7055
1022
9211
8325
9015
7805
7338
9244
9871
4368
609
6009
2097
1524
8599
2448
9077
5656
3426
5214
4177
9539
2773
7224
4095
3655
6578
5594
6315
9591
3306
4637
9198
1113
4917
4848
2451
9692
6771
1983
9435
5289
5388
2629
4756
2590
3849
3223
4012
9883
8906
6920
6754
9327
2439
7515
8249
1986
4230
5360
1227
1743
2928
280
1062
5971
6811
984
6606
3751
9996
9384
8885
1442
5779
8887
4151
143
2468
1504
9806
3354
1581
6432
684
6386
7883
9870
8673
7402
6598
464
5462
1411
756
7691
2361
5108
1567
8784
5779
2865
6616
261
9886
9522
8035
5311
3548
3552
3364
8105
9518
2725
5553
7872
162
6495
9596
4675
8088
6940
2310
9204
7152
9532
3922
7473
685
8087
6526
9043
8576
3683
5725
6941
6738
1319
6546
1162
8350
2571
6322
5121
4037
8493
945
2737
5857
2884
7529
5865
5512
6891
695
8838
554
7412
3109
353
5599
561
4625
5460
7025
4321
9528
5835
6999
8612
1134
8842
9949
8433
6325
5517
618
7188
5166
8659
8586
1185
1616
7801
558
661
3530
1685
2987
6887
6386
9325
8210
6192
5562
7789
7945
862
8095
9716
8964
5110
5737
7245
1750
8687
5915
7078
566
5178
8220
3365
2245
4450
1767
4413
8945
6824
4901
6364
790
7843
2847
111
2225
1808
631
3757
2870
8535
7572
9755
9093
5450
9694
3476
5447
4371
6051
1871
4745
6452
1119
7809
8666
3020
7080
3760
4425
1149
8843
1120
5960
1731
8926
1121
2263
5626
5019
9941
8055
2158
4207
2030
7606
8464
4272
6795
4755
8290
8965
4574
773
3029
1619
4337
6723
5037
1444
9204
4728
6871
9331
1721
9691
6451
3794
7362
6524
8573
1212
9821
9351
6109
3816
2586
2245
9089
203
202
8748
285
9005
6134
2183
4269
347
2931
111
4588
4397
7225
4181
5814
5213
1184
2827
2485
2338
1155
4669
6910
271
6181
7078
9144
5222
4663
9213
9032
2092
7634
4834
1242
456
4443
7866
3196
9538
5421
6103
863
7250
1935
4175
3986
5640
3537
896
2631
9759
9759
6750
9048
5532
1837
14
2823
9056
3039
9047
5684
3717
1079
2495
6763
2391
2938
5357
770
3318
9630
2947
6916
5051
3806
9659
8335
2005
3091
3503
1684
3766
6581
9272
2333
883
5785
5710
8618
4428
5042
4140
6499
6374
418
7146
6170
9440
7412
1595
2702
8179
125
9313
129
6811
9833
3996
1726
2177
1678
817
5965
9535
7362
1917
7135
1806
161
5879
6605
7227
6739
6341
8275
5490
6448
542
4633
6659
3489
8894
4593
1496
801
3505
3641
7268
9143
5521
1050
1789
3984
6440
2750
4225
8175
6963
9011
8500
11
4363
9279
1532
4989
5474
1440
3784
1038
4639
363
9290
9363
5066
8688
2784
6223
4469
8734
3857
8276
9867
2663
4639
4829
4816
3243
298
3591
4049
7315
9484
1531
6132
6648
9125
9615
3061
6506
5327
2065
9856
6229
4504
5157
1759
2425
8918
7751
9965
8001
3705
8229
5153
224
144
1700
4639
6702
173
2230
1141
192
6988
7323
878
7759
3231
8417
9563
3169
3161
7962
3406
1792
8419
3637
8159
9481
3070
2390
4325
2546
3625
6047
3609
1255
6377
5907
6504
7425
4975
6359
6333
3096
923
9663
9241
7180
4279
3999
9194
500
8188
6796
4839
5743
4822
3361
1804
6506
3540
5157
3632
7782
7905
8594
6567
940
3714
9623
1382
7323
1913
2138
8193
6802
1629
310
868
8755
4396
978
5202
9070
3195
3824
4358
6829
1208
7865
6432
3015
4103
9997
3884
9818
2727
8550
5190
2328
3096
8300
3465
4655
2617
1871
8587
6050
8602
8037
4113
4512
2492
3049
2110
2561
9954
4561
4587
4081
4236
9737
9732
5848
3191
8366
3220
1915
8254
8375
4075
3079
5119
8540
5659
6095
7513
547
6453
1324
5236
8308
8227
3170
3752
1920
523
1053
7886
1322
9863
8165
3962
1109
8092
3358
8567
7616
1464
4250
8650
6672
7796
226
3961
1033
9392
3952
7389
6015
5048
9407
8107
3262
8844
5928
1510
6561
2096
1270
7843
2166
4028
6931
8512
5909
9116
4010
447
2300
7527
9896
9083
2203
2673
8564
512
8000
9208
2718
2528
6570
3663
1871
6273
456
58
700
2264
2164
1848
2005
5520
193
6406
6484
2643
864
1714
8052
1917
5381
3504
5089
8487
5151
323
5904
589
280
5415
3509
7352
9378
8741
1272
8502
2156
657
8056
5851
8416
1745
8283
451
5522
4376
8889
5796
6188
5920
9647
6286
1156
801
7147
3066
8574
3384
1122
132
4154
110
1984
6748
8338
4652
6141
1451
5133
7982
487
206
3657
2201
3500
3635
5220
4638
2965
774
1434
107
4400
4359
5768
7223
6196
8577
1594
8206
9928
8772
9535
7923
1696
8305
9761
1535
2112
869
8235
7437
662
8206
5433
9441
2628
8955
7300
3511
7845
3935
419
347
8698
4046
5710
7625
980
1115
8456
7564
9856
6927
8053
1714
671
5733
504
5195
3874
3685
2525
2096
2539
3996
9444
6193
8925
6326
4594
7240
1277
8083
360
5992
8352
9187
9225
7650
2595
2135
555
997
2412
670
7580
3735
152
3718
8770
6895
8451
2104
9637
4160
1410
8323
7808
4701
4602
9516
8699
4653
6521
1216
6287
1773
6566
2061
3362
1483
6508
2854
2600
1738
3129
1527
9683
1869
6415
5708
6040
5207
7556
7699
8789
9172
8446
6200
4581
29
1379
4524
3048
3078
3436
5902
4475
1196
4382
5807
7169
8091
356
7287
387
5597
9504
7898
1031
9882
8639
5938
8285
8893
3475
3491
7096
8822
2426
7115
3327
366
7479
3332
103
1983
9806
9522
8301
7227
7051
8487
7486
608
8539
7949
4850
269
7312
3191
9668
547
5169
4698
1390
5440
6238
4154
9602
9944
8806
5653
8769
7267
2479
6803
611
7024
7183
8403
5791
9981
9597
3803
2830
151
8452
7676
354
5526
8641
6826
1510
9234
7447
2780
5197
2781
1941
4662
5745
5651
9920
8357
8421
1398
9718
218
8129
1735
7338
7826
3085
8908
7400
9686
950
1365
1868
1238
6988
8561
3800
4075
1303
1979
4143
9534
9820
9698
1606
7830
5082
2521
2657
139
61
1240
5382
1432
433
8233
9547
8618
8188
814
3740
2601
1834
7760
1830
3831
912
703
7674
7183
1851
5844
7053
6441
7254
183
398
8430
129
9507
2744
564
6250
7260
9624
9710
5982
435
805
8754
9014
5181
5887
