6074
8054
6508
1866
8812
4151
5229
9708
807
5424
8163
7394
3193
3138
8816
6472
84
5353
1373
8970
757
187
8649
9715
3660
4603
5500
2209
2424
7722
4631
9312
1332
4147
5787
4997
1123
9664
2544
6101
5559
4389
8454
1972
8701
7656
1209
7235
8076
4681
3851
3806
9747
9513
5988
5886
9404
6793
8206
4208
8651
3020
7283
3085
793
8850
6061
9045
7351
3819
5348
419
2809
5272
3411
6367
1733
6677
1013
6003
3394
8264
4133
7742
3871
825
9565
1819
8159
9900
5592
4330
1458
8335
7449
2539
7106
5369
1179
9850
1594
2163
9884
4256
9333
3431
997
4474
6102
9620
4153
2727
5779
2202
814
386
8886
9541
9214
9968
9285
4242
886
7450
8227
1018
8961
4473
7822
871
9261
6363
5498
1163
4409
1231
8380
9876
8409
439
9827
5090
5717
8538
5746
2865
8551
9255
7521
7063
3652
7564
6155
1210
564
7352
1276
2433
6029
8314
4469
6523
6651
5230
359
7789
7228
4615
7793
9582
2005
9010
1131
8774
140
4194
8524
2348
1704
5361
2467
9705
6952
759
7219
1696
208
4287
598
7056
9954
5947
3847
95
5969
3304
8439
487
8178
7956
5636
3935
1462
7938
5058
4642
6432
7380
1070
6370
8827
8928
729
667
5846
4763
9570
5892
8010
8662
7581
2941
4016
736
9628
6057
5162
1036
2804
6835
5755
8037
4169
3747
9724
8532
8243
9014
5701
2577
5263
2827
3216
4228
8229
1025
5218
3179
4248
1205
3733
2547
2476
9515
375
2695
9918
726
8309
9000
9479
5395
4576
4234
615
789
4759
6981
943
7314
6520
556
190
5433
3399
4753
9724
9788
2506
8602
839
1983
6788
1598
3101
3207
5561
4653
3372
7029
8613
7517
704
6701
3098
9868
8251
8981
3613
7439
6266
8236
2236
6933
4685
3177
2356
7043
6116
5621
2970
130
8219
9707
8160
7495
8607
2977
1132
7407
5228
105
3609
3913
8701
9003
9851
3489
2334
3531
6502
742
6174
5067
2336
2602
9746
9854
6913
9924
851
8517
8536
7750
4058
8482
9297
997
8540
5602
1260
5273
7848
6205
2210
6160
4627
8322
8232
5681
3326
8866
4708
2585
9119
2227
3956
3151
7371
5557
7749
8752
6064
1208
6556
6711
1568
5858
9855
218
9705
8853
4948
6732
2270
1229
2894
9968
2856
6175
7975
1424
1621
1231
6597
1984
3808
5951
8631
1830
4526
6145
3626
2982
7853
2508
9208
6639
9649
5499
4592
8768
8467
8013
5976
4473
3917
7975
315
7889
9333
3987
295
1195
7582
6324
7130
4833
4611
4571
2902
5617
7227
8024
5692
3559
5226
1966
8879
9762
2020
6254
319
7357
1582
9207
2956
3607
5254
2124
8066
5832
5635
741
2496
539
5850
2430
5400
1528
5377
4374
2028
5077
2596
8974
1540
443
2321
2416
9246
1951
9096
553
5869
3079
3667
2937
9612
8375
3368
3522
9578
2487
6504
7069
9981
6485
5527
5153
7709
2795
6565
7351
4384
7645
4225
5241
4760
2608
7666
2513
1286
2838
2877
6114
6736
5082
4872
9417
6871
2912
2818
7025
8160
1854
4795
9541
8573
5527
8993
5055
4915
7168
4707
6451
5386
1745
6168
8223
8854
8426
8177
7004
708
854
2236
6740
9610
389
333
4899
1613
6110
8282
4796
9977
9539
9191
2530
2849
4684
6668
9233
3614
2611
7597
4118
8130
6425
728
4991
8913
6648
562
8444
4735
5813
6316
7305
9617
8055
9930
8183
5193
4094
3441
8805
8885
9911
6474
5846
2553
3638
5374
4170
1758
8943
3389
8097
3257
8118
8610
3184
9661
5341
5985
4965
5547
9838
60
4163
3223
1886
2912
4794
4753
8485
4039
9520
9169
8792
5232
8218
9951
4882
2437
5275
1274
6392
6685
5791
2423
8218
4047
1499
9444
6746
8521
9852
8108
8475
3257
9047
9850
2310
2622
667
725
579
9416
3273
4903
3868
8927
4464
2885
391
3233
4779
2904
709
3690
9154
3152
4268
1740
5004
7838
1413
5349
8006
9963
4187
1412
693
5534
6185
8368
7641
2259
1769
4550
694
6976
3412
887
8554
9290
9583
8613
9052
3513
3742
6947
7398
4785
4103
5895
5581
569
7618
2829
9312
5229
1409
3309
716
2456
8234
8930
6700
2023
5591
2519
1134
6159
2995
2178
9739
3381
3185
5713
8255
2799
6297
4493
6220
7239
4013
5908
1431
289
2786
7071
4640
8939
5238
5465
5566
102
171
6098
1056
652
1913
7029
7921
1222
5812
1239
1789
1924
6156
2200
7384
1904
4574
6512
8932
6916
7089
3476
8443
2325
7499
6410
9236
8519
7878
2195
921
7530
6612
9636
3209
7087
4657
7602
885
9267
6571
4997
1427
2773
4119
9506
4133
586
9687
2736
4365
8725
6532
8649
3013
6695
7654
8731
3153
5502
7793
9401
3344
3617
318
4258
5312
6519
8991
297
7247
6972
5627
9665
344
2091
2049
5669
8205
7993
2277
8649
8832
5142
7829
2195
997
7962
6622
6513
9432
5925
4449
5382
1473
7170
1653
7809
2455
9860
4193
7613
1595
9390
5489
7393
3098
6867
8305
922
4646
1985
525
5159
3225
9143
569
8201
5787
8122
3261
7349
9897
2477
864
1321
2522
244
8191
3174
437
4239
3214
8344
3799
4664
7054
9442
9652
436
9097
4130
9657
5699
1867
7447
5399
9289
2157
2330
6600
3451
2021
4333
6599
6844
7715
9118
8525
4167
4870
2853
8675
5130
484
406
8771
2181
1360
8561
2088
1126
8548
5351
9025
9131
7692
4197
609
3417
5921
3232
8087
5861
6573
6985
2218
8881
1744
6955
6948
7936
917
5485
5566
6243
5454
4526
5215
1461
8675
3218
7929
3595
241
5474
4903
6670
5307
7468
9151
3518
8508
5107
8246
1637
4766
2814
8557
3499
8188
9890
436
4405
1613
4152
209
3063
9784
2781
3677
3165
8982
9148
4741
2702
5303
4491
5620
1098
2082
5548
3573
4275
7803
3430
9428
5809
7238
3928
1476
2639
5968
1716
3273
8785
2782
3523
1982
6088
5265
1839
6885
2526
3791
5985
4535
9359
366
5543
6333
275
7194
7458
1416
2639
6316
6160
6602
8183
4724
4399
5825
5855
1305
1037
7197
7266
5875
5955
9920
1780
2509
9531
5833
243
8663
1046
483
1817
8894
68
5443
1695
7595
1201
5445
8510
299
633
2468
6621
6921
3799
1364
865
6014
1029
1221
2754
8788
7269
3484
4410
5622
4552
7765
7662
1624
1173
3976
5270
5676
4785
9288
4656
8956
4129
8260
103
5592
8686
6966
5242
3486
3299
4859
8710
8167
4968
4229
7633
9825
7729
3028
1625
6583
1032
6072
3042
3435
7782
6885
9126
6656
7198
944
2136
4510
6708
1908
1884
2768
1117
7162
102
302
8242
923
2323
9693
9055
9495
6656
6943
6342
5444
7947
1756
7663
8072
7923
8057
5218
6667
7809
1801
7840
8585
6288
2354
2723
4199
1459
3060
2344
4864
8707
567
2926
1322
8341
109
3748
3348
4380
8287
229
2182
314
1754
2997
379
6846
8635
3984
3827
7550
4450
9353
8300
2461
9656
4635
9969
6970
4855
8036
3595
4598
1478
6736
7380
8830
6340
9730
7814
4308
1869
2286
9521
1572
5657
8271
4533
9357
2343
7353
2823
9075
8517
7313
4257
1214
4625
8861
8684
5474
3779
6378
9525
251
6633
7583
8835
5017
5616
1549
506
8905
6169
9518
5681
2163
9831
6728
6804
1385
101
612
4626
7502
5212
4519
6081
4164
2478
6166
4204
7479
1045
2340
528
5490
2761
9269
4938
8073
9435
9515
3740
794
6846
3918
2905
8999
1632
2094
1382
7897
2057
7298
5372
3167
1752
2022
5039
2113
1502
4671
2539
9450
7344
3026
7859
3829
8989
191
9401
561
1790
8730
1950
585
6872
3831
655
1294
1613
7081
2532
384
4783
6307
5422
3746
6967
7361
3737
738
4230
2824
6571
4763
6976
4289
3449
3819
6059
9076
9
1440
2692
820
6107
3327
5348
4787
6295
7921
1367
3744
499
4420
2139
2154
4667
1037
7604
4112
6862
1628
6453
8663
6330
8965
2158
7187
3608
2582
381
6835
5235
2537
7072
1091
7692
3962
199
2095
8398
2180
1066
5816
9371
486
2324
2150
2624
4822
9622
2411
6215
1946
2214
8380
4986
4029
4490
7142
1168
8161
1178
3712
7539
4531
8509
7962
7348
1047
4461
704
838
5509
5713
4681
562
637
9291
5844
6640
8
4562
8786
2960
7969
620
3288
323
8691
6104
3663
9472
3057
927
237
1001
7353
8276
4839
1976
4362
4801
1576
360
8917
1573
705
6233
7532
7818
4349
4737
8645
501
1159
3598
2392
751
9569
3911
5220
7638
8656
4942
798
1232
7780
4582
5476
3680
3208
2360
4452
3867
2277
5206
2986
8425
4042
6396
9914
7055
2790
873
1755
8926
826
2556
9767
6638
8609
6601
8707
928
6756
6723
6144
6633
9562
7685
3793
6123
756
3852
4609
1989
285
4777
8224
5952
612
3966
6709
3173
3996
8164
4847
7783
3187
1871
405
5224
4814
8837
5070
6607
3653
3524
7111
5553
9062
6352
8862
6357
2602
3791
6298
8938
6263
9765
8641
6048
4331
3815
6026
4642
9892
5533
6931
8591
1875
8361
3446
7690
7280
8569
1308
1919
8781
8002
8336
6760
7666
2670
6890
4259
5104
351
570
204
1866
5909
1520
3421
3230
4356
892
999
2810
427
6714
8119
6592
8519
3678
700
2906
1171
9076
4033
2483
4379
157
8260
1429
1880
8382
1661
6924
1767
9538
9540
4962
6727
6725
5966
6840
24
4460
2924
7676
309
9108
8353
1287
216
168
9147
8992
6189
1353
3932
1274
6537
7720
7486
5751
3259
1992
1350
5973
9230
4074
1043
889
7174
3156
9864
1794
7711
3860
2882
6711
6152
6357
2174
5271
1803
6973
1212
1711
9235
2669
735
413
5606
8266
8425
9006
9238
214
3580
8031
3109
6950
8445
6234
8064
7464
4113
7059
304
7352
1280
2329
8471
7220
5122
180
5546
2215
3948
6286
779
9638
6738
6561
3339
629
5282
8907
4731
857
2555
7496
279
4850
3601
9202
7911
5939
7206
4338
2859
4152
1407
1882
1388
8406
1942
8385
3143
8245
3460
7023
6265
7294
7251
3471
211
1883
2895
7435
2182
5205
2328
9446
4797
3783
2049
3620
3619
5920
2268
9606
5009
9610
3426
6627
8231
4856
5173
4932
8686
6896
5764
6486
7397
5531
1230
2984
7598
130
8990
6027
3044
9770
2156
7654
1824
1960
7085
7604
6356
8322
4766
7223
5976
3854
2014
6655
3868
624
5239
5355
6710
7962
8748
5285
9441
5841
2048
9265
2552
9064
6021
3488
6929
6240
6561
5238
7453
5772
4802
6270
7771
7568
8576
364
2130
8540
509
3543
3517
4574
9116
6974
4891
3635
9316
5081
1022
6870
8213
5982
9912
7819
5051
7291
2300
1277
294
9735
7292
6775
9202
8096
5821
8968
7584
9142
9386
8384
3155
901
5332
8505
5747
7977
9948
9047
8597
3294
6924
1480
4216
582
7559
8820
6358
9951
2516
1284
8063
852
8246
773
6251
6741
5372
1020
1152
5922
6050
173
5695
2637
3715
7312
650
1406
2071
7074
7343
3252
2679
6999
2811
5811
2559
8619
537
7001
2610
7633
6626
8101
320
2302
2654
4558
2254
9005
2605
8927
7894
2675
7243
6750
5785
1578
6867
247
8170
4951
7879
5442
3941
4810
8173
1246
7962
439
4182
6753
483
4151
3312
8417
3547
7593
2316
1413
4657
6091
9152
3066
4468
8415
5357
4
9755
6061
26
980
1752
290
8830
7658
9753
1184
4160
5509
4129
1408
6596
1814
4823
5851
8444
3743
9363
8826
3202
8192
9261
5453
5589
2078
5799
4813
973
5526
9453
8168
1490
1900
413
3202
5001
193
5320
5654
8663
2363
3433
6807
7284
3248
9495
7337
8242
8616
9971
1614
641
929
2858
1834
1718
6298
4700
6751
1859
4940
210
8634
6056
5960
9918
4695
1401
1621
850
8250
8422
3708
162
838
4758
2454
8169
2341
2583
8461
6570
2356
5554
7838
7527
561
9042
8578
1483
8702
5493
8569
3795
3723
2153
4798
750
1323
3330
4799
5936
6621
7766
1720
3191
6932
766
2019
7075
9264
8128
2358
4168
3397
8370
7853
3079
8217
8432
9356
5653
2822
137
2147
2757
9853
9913
6439
8685
9960
1703
6846
9011
7784
2524
9948
4590
3834
4646
595
9794
7022
1503
2219
574
3134
4401
397
5352
4299
1719
2532
2891
3973
9146
3113
6484
5618
8963
3338
7018
4327
3333
7115
7560
1282
3347
6383
873
8421
3263
9245
3571
7837
9562
8630
1318
7918
1573
9622
5452
9516
1086
4386
8240
9171
3954
5037
8637
9410
3463
8972
4871
1308
3576
5467
3688
4388
4659
9291
9787
8017
9524
6931
1035
2474
8961
5053
4410
515
1794
8566
4044
9340
7886
7502
3240
8947
8874
8389
7327
8309
7746
1462
4957
4291
4374
2262
4260
4095
4941
6930
3258
2281
9835
7435
9992
4155
3351
5766
209
8901
626
8121
7616
4897
4927
5530
3422
6074
2226
4741
5513
6270
1964
1477
271
8062
1973
6744
8100
6698
792
315
5574
4864
5307
1762
9505
451
7510
9085
5595
3108
8179
8426
7683
9624
3846
60
9363
8843
8840
8186
1868
200
1416
6988
317
8357
7163
1929
2182
6606
7666
3510
8108
311
2547
2751
9589
3164
6025
2970
8563
3141
9145
2405
8090
3538
3794
646
4215
1912
7380
9256
7857
2605
8446
5373
3447
8319
1445
1147
3287
5580
6902
8989
5441
4668
317
7371
7076
1094
470
6198
2817
5869
9623
8727
1054
9010
8897
6779
4563
6517
7714
269
9225
8409
5653
5502
1864
7173
9303
1270
1719
4878
9683
2983
6238
156
6964
3421
3220
6422
3570
3121
1442
1182
6438
1987
2982
9719
4319
4436
9421
4665
6584
6770
7866
6633
9763
7031
9015
4814
5507
9902
1790
9199
4479
7939
6186
6640
2488
897
2046
5476
3559
8140
2946
4592
8827
8043
1970
3665
2520
2144
2854
4866
1849
7053
8294
2913
5116
9605
393
9932
4406
8405
914
3667
1330
2242
6703
8499
5801
6342
7230
3421
2390
3945
1106
8443
3823
3273
7806
1719
5061
5350
2293
3362
7048
6923
7350
7425
9644
3272
1523
2883
504
2114
1070
5153
7226
9279
3261
6584
1340
3471
7863
6178
4914
9432
2476
7904
5947
9851
9090
1842
1799
8673
4871
9055
6111
7551
6619
4407
4892
9277
8854
2529
4818
4346
2916
275
2874
5953
1217
4544
12
1221
378
1590
7486
6115
8448
7615
4447
9446
1478
9793
4181
9680
1084
1830
7243
2014
9041
9674
2659
8854
1692
2063
4616
5334
1359
567
6515
2200
5029
9993
8633
4546
1830
577
8295
3281
1569
9996
9103
9003
9959
5446
7799
9060
8347
5138
3262
1085
3032
860
6911
1542
1884
1157
9529
8315
6973
2151
4755
7881
1100
2246
4416
1484
1160
9635
7849
507
3535
3962
444
9045
571
3656
8894
6246
4263
5555
6986
6221
7305
5430
9168
4168
3081
7090
2661
673
1048
9980
6307
9417
5240
1222
7903
7713
1029
6314
7900
8712
7288
2755
7550
9070
415
7866
971
8227
2262
3282
4051
1418
5164
8534
575
5669
3078
247
8402
4069
6973
7176
9458
3555
7654
1026
3804
9349
5753
1181
5217
7948
7654
8274
8932
4550
7879
97
3752
5215
6118
4434
8410
7765
5928
4889
4252
6706
646
2233
4634
781
7912
3831
1738
112
3296
3994
1415
9388
4061
1622
2473
1080
8065
6102
3763
6889
9601
6025
7790
2980
6495
3187
7950
2539
8765
1692
7627
2765
6774
7098
8702
3520
6546
4435
36
3823
6536
8820
1253
3885
8682
4363
1154
4496
1960
7330
9700
9825
1126
7362
7105
4620
4442
1653
4286
4725
5881
9198
1347
1603
6367
8650
2614
6963
2920
8953
4533
3629
6066
9940
353
780
4771
3905
4298
2131
2032
3454
578
1435
1992
7801
1639
9411
9993
4082
9077
4893
149
5311
7941
7337
7473
9650
7517
31
1748
4191
1575
3007
2796
6070
3759
1186
7009
6324
9848
537
7354
2154
2692
2427
8619
9911
9611
8565
7010
3203
6969
8838
9875
9640
3479
754
1998
3015
3307
5121
6387
4267
382
7841
1878
7571
8639
5921
4042
453
2401
3669
4233
8540
7538
7994
2619
5514
8717
7561
38
8951
3021
8545
7221
2737
3132
3155
2590
3005
9187
3993
3016
4727
4149
3087
1772
4850
548
1048
1272
3689
4523
6557
801
3300
4605
1334
2102
5484
8134
6483
4297
5745
5082
7435
1245
1837
620
9140
4438
5484
3330
1036
1265
8407
652
9505
4390
4450
6222
7768
4965
7669
6289
6349
4428
6463
7743
3921
8132
1797
1052
7105
4870
2704
9696
7270
9644
6713
1842
9935
4230
1408
6609
5788
358
3486
5292
2394
2647
5099
6944
7652
9262
365
1517
6628
9456
8733
3007
4782
4093
6699
1007
2641
4431
6224
6166
8560
8711
3382
9861
7676
2608
6287
3538
3557
1059
500
5990
941
1171
5349
1273
3033
4852
3400
7843
4504
1186
3068
7813
910
3706
7059
5841
7531
400
3968
1357
4134
7320
6731
3682
9265
5237
9268
5043
2974
6827
7960
5568
8956
2743
2066
3610
8744
5425
7974
7788
1030
8381
1662
7373
5643
5568
8951
3970
5548
446
6007
3157
7091
9143
1856
3621
4440
1666
2007
7796
5584
8356
4868
7676
3226
7499
8857
8166
1639
3449
7096
2105
2426
6180
326
5752
5657
9357
8039
3697
6285
5297
9495
2528
819
4802
8477
9812
887
8445
9170
7078
3417
177
2203
2673
3512
3985
4146
8144
6710
784
2330
2099
3349
3902
730
910
8817
6103
7963
5082
3626
8310
1510
286
8861
2339
6857
8423
9021
9044
7279
3194
4279
18
8687
2248
3976
7652
2240
1672
5210
9895
6986
5501
2967
7396
9179
6917
4072
7566
995
4784
482
4087
3451
5107
8667
1916
3812
1172
7128
5722
9122
7666
3505
9136
7820
3331
5214
8482
6934
1165
3862
6290
9871
3731
1324
6009
7319
1465
3160
9939
4351
1454
8049
2495
2711
191
6566
3580
3580
2059
3840
1067
4544
9487
772
9320
1995
3830
9575
5848
1702
5589
632
9830
921
4191
4216
9719
3782
2658
4597
2346
8012
7188
1370
7667
9616
1010
6425
7628
6764
1634
4901
4874
7324
2795
1745
383
2958
2004
4013
3489
1889
7311
8236
8762
822
8219
1573
8520
5974
6847
9797
922
7462
1494
3054
7355
8117
3104
9703
985
7405
1947
9084
67
687
5757
2505
8126
2445
3832
6760
1777
8644
1107
456
701
8951
2608
6845
1396
9436
7904
1654
9916
1837
3979
7412
5830
9740
4389
2266
9854
2301
3027
6084
9942
8227
8168
8075
5064
5713
3447
6074
2142
86
8019
2277
6354
1037
2353
8404
5508
6259
8306
1549
9500
293
9167
8230
6708
8344
6674
8385
8055
1566
6906
9476
5617
5023
513
2473
782
4533
1781
5683
5989
1830
9511
9830
3817
1701
1058
4792
7386
5985
6758
3594
3994
1478
6584
9649
9059
9938
1366
6719
9038
5061
8018
576
3179
8542
6660
1330
524
9879
7621
975
4477
2623
5559
7669
781
9337
4412
5006
7286
1881
999
2070
4808
3311
5482
4139
8439
863
3414
844
3166
5061
6644
927
3812
8935
6650
5274
5041
9727
4268
7506
8364
5782
9117
1370
5918
8914
8868
9722
5525
6360
9432
7157
4062
5948
5768
9867
3060
2520
2891
9660
6465
6776
7808
9416
5979
4632
3856
1845
2686
9138
9964
7559
7613
3492
3705
9025
4194
4111
8220
9524
1995
3691
5318
6806
5628
9487
6865
7864
3167
6782
2214
2520
6836
4608
1041
1588
7974
9700
5391
1286
5057
7023
7036
6387
6395
1873
9544
570
2242
6742
5673
8949
4299
3366
7664
2774
1457
1002
3787
6492
7766
5992
8677
5903
6924
7443
722
3004
2451
2117
1051
4493
8720
6934
4466
4972
6655
8931
410
3754
9942
6295
5621
6424
1109
3265
8220
3469
6944
8266
130
6971
5913
8898
3519
9065
8345
1132
9463
8951
1151
6539
8118
125
5691
1179
228
7365
8899
2692
6118
2526
591
32
6549
1471
370
2252
4794
3659
9223
7253
6060
4184
1987
4079
8580
9821
3414
5401
6626
5522
9468
1459
2603
3403
8176
5496
732
9930
3036
855
4570
4251
2148
7603
6379
5880
2349
2048
8694
6092
6338
5804
9728
3898
479
3934
8138
1612
2598
407
3951
3497
6065
596
3058
9132
7428
3146
3294
4874
1519
4864
622
8367
2683
1808
2036
4383
7700
2699
7472
1365
6707
534
9184
3663
1730
8705
2923
4241
7358
9120
7331
2628
6904
1072
8185
1552
4545
7246
8451
9202
8753
3819
4572
1474
5181
1360
1214
8671
1898
3754
3912
9898
2935
2585
6790
5531
1411
9394
7402
8723
223
9052
7516
2399
7532
7993
1463
1610
3622
484
9838
453
4248
8269
2612
2887
5961
7709
8482
370
7490
4251
2343
3603
5208
7432
9693
4319
4282
2654
140
5150
9844
9728
8979
9700
6303
2173
3941
7187
9896
9604
5048
1414
3916
3458
5650
4665
9972
3902
9570
3702
912
7032
1232
5971
6709
3912
7190
100
8300
7144
7328
968
344
4687
609
4519
9289
2911
6584
3787
3768
1295
473
7886
9202
929
9686
1749
1781
5028
4346
379
3083
6437
4238
2812
8496
3008
2991
2390
4983
3841
8887
2752
2275
4080
1070
9228
2849
1131
5376
7061
7318
5782
9934
9617
6558
3345
6768
5780
4226
5440
8318
3271
2798
6949
7884
3906
449
7796
6022
6281
9919
4193
8804
9926
2407
7721
5611
5122
9858
457
8900
650
9651
7284
3061
7301
6503
4620
6253
5151
6239
7210
8164
9542
5523
5615
9953
5326
6195
7164
8779
5052
5108
9095
7141
3124
6977
7
7209
8837
7733
1646
5921
3768
6540
7667
3620
5513
3887
583
7402
5828
1542
871
41
2709
6028
9262
4402
6792
7767
285
8926
2694
1678
3847
5541
556
143
9936
323
6495
7411
7416
7417
4593
1289
4396
3002
7856
1995
4439
1438
5612
9761
2950
3509
4237
9054
4432
7095
7715
5604
417
1069
7448
2719
3227
2089
2692
2125
3063
5370
3950
260
906
8417
4126
3454
5447
1419
1632
6259
6546
4797
3328
8846
3314
2933
8727
337
1304
1502
5710
2840
2607
890
6994
6347
9968
1873
8062
2307
309
5730
8931
9069
7487
5351
8854
4533
9383
783
3606
3012
5463
1455
9058
5620
7740
8601
9405
293
3361
2354
820
1561
9659
1109
7652
16
1422
7778
3485
3573
3357
9325
5950
816
5865
4259
1359
7962
4078
4194
953
521
7895
2698
7377
1152
1832
1373
8606
1367
2467
7768
8945
7954
4909
7370
9409
6377
7699
8838
3110
1605
7297
33
9654
6138
5505
8241
9754
3481
7242
1443
6214
9167
1400
299
3665
6961
3732
6500
8183
49
9172
2118
1105
5589
379
7995
5906
8495
4849
4981
262
5240
1083
9348
3223
7861
3043
1238
5646
3590
1618
5124
4124
1024
1553
9777
6553
4610
3704
2447
2645
1199
654
3061
2432
5179
8927
4065
5758
7510
2335
1259
8632
2261
1181
973
8084
2052
7075
5803
3918
2493
853
4592
8430
4047
7993
81
4035
602
1441
1296
4790
2401
2336
9063
4586
8021
6915
8043
8934
8977
5480
8136
1255
359
6492
1863
9843
579
1693
4501
7535
7900
8529
151
345
6061
4631
8385
7186
8846
29
5156
6068
1039
6469
6230
9924
2117
6387
62
5136
9031
6869
4940
7013
2717
3337
8070
7555
6129
238
3456
8909
6939
3760
6890
3872
2184
8718
8524
3390
8530
857
87
8947
323
2067
216
3889
261
1938
7725
4191
1630
9365
8503
1030
3588
3137
7628
2724
6560
830
1057
8607
6573
6247
9129
7278
9578
2357
7739
3399
7863
6672
6606
8174
6781
5993
6689
649
3121
4181
7293
4190
2512
9264
7278
7574
5257
5859
284
9046
1089
5800
6829
7700
9800
1480
2374
4076
2938
2937
4310
7904
4198
4326
6328
4957
2759
329
4248
7594
6448
6979
9603
2379
3536
6866
6095
7309
8968
1555
2021
3719
2072
8693
2309
2063
9843
8906
8373
5301
3618
2612
7711
183
9870
9388
9991
8186
2936
2320
4814
4927
1610
2689
2598
4110
6197
4449
4163
2933
5384
5065
5107
1383
916
591
5831
5505
2016
4264
5114
3853
1955
8947
3976
3835
9268
9419
2509
4148
6874
7909
4373
6648
6740
7093
2108
9383
6094
8199
5866
5393
4742
5439
9916
8553
7504
6328
9267
9278
3557
4485
6169
8671
7206
961
2971
2663
8713
8762
4842
6777
1940
14
6059
7475
692
8459
4642
3822
8483
6448
9411
3817
8398
9720
9110
6516
9030
5422
6330
2939
151
3231
590
2388
1739
5701
9441
5778
4122
9445
669
7331
3356
9088
3453
4728
9380
2441
7861
9045
1685
5445
795
7108
5074
2352
272
7485
1851
6455
3633
3291
2431
1902
6626
8708
9423
3670
5736
4990
9017
8864
9699
9037
5778
2079
460
9309
6267
4382
7135
6589
7560
7285
1254
4706
2435
3482
7314
9387
5429
1956
3927
7667
5812
7378
4899
1454
2462
4744
5304
5710
6704
2871
27
2821
5745
1757
1329
2995
1891
962
1218
7469
9319
7043
5730
5146
647
1919
6273
5941
6355
6348
9561
7061
4936
2032
3225
8400
7179
9006
6847
1522
9078
1425
9884
4689
7258
8433
8961
678
2152
4319
7495
4466
737
6458
8347
8768
1647
9753
806
542
8471
9362
9354
356
3310
2965
7884
3712
8531
2929
5815
2885
4115
9696
8391
7894
7159
1041
7887
2214
2958
5594
3789
2036
8852
5094
6324
8478
3685
4457
6753
7425
8199
6304
3050
9715
2070
9528
1379
4293
548
5248
2146
9223
8503
4610
351
1041
8066
453
1609
605
1866
8591
7583
2876
5572
7318
1503
8215
6641
9405
26
4074
6175
8389
4685
7810
6645
8675
5823
7631
9662
3594
1666
7710
3448
4566
3532
4242
4743
5282
411
3232
2848
6147
5559
9607
8720
173
4143
4752
8024
3163
7652
1142
5221
8072
3047
114
9924
2540
4395
9391
4629
3977
943
8271
6925
9873
9428
1006
3786
7260
3472
1358
8994
6794
1226
28
2830
5078
9089
6471
4532
1071
9606
6498
5942
523
2488
5376
1518
3418
4317
2202
886
1020
8603
8870
5203
7287
2682
8846
745
3137
965
763
9691
6293
2148
8427
6845
3019
7283
4846
3450
7924
4859
3557
4371
4444
2329
6402
7385
4052
9487
368
2942
1269
471
7973
8191
2355
4824
5542
2395
242
5726
1395
105
8842
6807
9648
8375
4061
8530
8499
6134
9471
8751
2962
6160
5045
4499
758
4957
6280
1461
6692
3649
597
7821
8421
5821
4174
235
4490
8195
1740
2450
3207
2197
3464
3451
5528
7637
2681
8027
3324
5522
987
4233
3471
2517
7509
1812
3145
7856
4065
585
6115
8781
9034
7745
9508
1021
8386
3826
4200
3825
4040
304
4393
7020
5543
765
2696
1594
8970
3121
2276
8253
8137
1170
2662
6364
4349
5903
8312
2361
7090
6633
4129
1155
6334
4426
3163
5718
3943
4507
9251
8854
3826
9498
1481
683
9840
6450
6973
6743
9116
1551
8886
943
8308
7862
643
7863
5083
3143
6671
2482
5513
1838
6735
7406
6174
3237
686
1117
7602
6977
7650
4462
3870
3421
4426
8638
9688
1978
6524
7899
8929
1569
3245
5539
7747
3186
2846
8472
3782
5299
635
799
7836
6768
3341
1988
2763
4075
4508
6602
5764
5856
9141
2138
3900
4423
7072
4887
3436
2005
8175
3104
6619
8772
3552
3944
8593
1195
9659
2988
390
2213
7334
2303
6342
6851
6626
7101
79
2438
5875
5613
7469
9921
2135
3073
2427
1106
1638
3323
6113
7959
5036
1777
7123
7531
4179
9063
3216
9396
3395
1567
4415
1520
6211
3550
8522
6838
5796
7049
7797
9971
4807
997
6129
2561
5634
6698
6637
479
1517
7486
9557
6336
6874
2431
7177
5556
5179
8810
2671
7562
3885
683
9043
4307
1197
5948
3710
8584
4550
5588
5310
4588
5525
6142
3151
4038
5647
4561
1896
7481
2426
2737
7879
5909
2010
8079
4646
3779
6373
2965
1659
6985
4377
234
6085
4124
1954
1822
1363
9685
2988
8052
5928
5928
2175
4968
810
732
9280
3138
9909
617
6914
5190
5135
1147
2803
3134
2297
3118
1302
9930
2210
1585
3929
8324
211
5291
56
9026
2084
3825
3198
2210
4493
4373
6809
1951
3733
7041
7268
3914
4499
3234
3055
1041
71
9187
5099
4938
1320
8820
9524
8245
8383
3057
5841
4342
1998
3850
4757
5519
675
253
1054
6083
7419
4704
697
761
4338
852
9400
5255
5850
7388
5431
8975
8529
2887
8253
1023
191
5118
7706
3263
4300
4952
3827
1435
8531
2466
9952
9882
2284
1749
3238
4246
2180
6972
3622
5367
8489
4337
599
468
9419
4268
2394
995
7626
6866
5812
9110
5596
3733
5327
5557
2547
7790
1783
2466
877
9262
2229
1871
899
9517
2971
4100
4149
1185
6795
1557
9265
2886
2533
5854
4518
7237
3844
31
2558
2831
3808
1665
6654
842
4286
8550
6421
7681
1698
4390
5188
1156
4489
9227
2107
8727
9568
9902
1297
8293
6845
6441
70
4254
9845
2709
1199
9472
1038
5309
3946
1751
9908
8045
5453
563
5217
57
5231
4420
7679
6468
9486
2405
6368
8109
8396
3306
3747
5790
7668
3941
8734
4264
5986
7367
1594
2399
996
1576
7351
6948
6642
6389
443
3437
1247
6444
3774
1543
3510
9511
4670
6876
614
377
6955
7665
7886
1736
4313
7893
5725
5247
7640
4
3017
5644
2059
8086
8969
2818
9060
3655
7069
730
9825
3096
1961
2931
6861
1952
9531
2203
2280
8156
9271
1857
3649
5608
411
3928
4512
9260
7262
9458
1223
1394
8749
438
419
5603
4385
5687
2574
691
451
1015
9807
9884
552
3858
5704
4954
4874
2361
8361
3522
2967
9483
733
1160
1994
6450
7674
5040
8305
9799
6392
7611
9507
8430
4347
1522
2511
1257
7566
3843
9629
1589
7705
8256
2049
3765
5056
6552
8224
9558
4386
4901
1096
7701
8427
9265
9705
9259
3609
7935
8013
7534
2385
652
4622
2196
376
2121
9511
4181
2442
3616
4794
4517
3892
1377
1778
2476
9110
8229
1394
1121
6815
8747
5413
1490
6514
1806
2
5081
1816
3251
7648
9631
5830
2095
9204
7052
3633
9853
3388
2934
7041
4042
7115
769
107
6578
3808
7050
7487
7228
149
5380
6541
6891
718
3638
5239
3132
5681
8570
2119
4430
2364
9190
5968
5163
8686
1797
2173
4725
8843
9256
4840
8459
4080
2772
1631
4644
1383
9935
7997
2952
7593
4588
3102
2268
3090
8939
1376
5565
1813
501
4171
4817
815
2611
1678
7924
4800
4944
7891
2010
4876
2762
8385
892
539
8081
2810
7946
2006
594
1749
5746
572
9166
6836
7776
6088
3699
2072
9747
421
6607
2911
8341
5085
22
7643
1469
1094
3706
9843
6438
2043
5986
8075
4831
6202
2209
1728
5008
6128
3430
3559
1219
8752
8424
4244
1648
5774
3901
1836
1100
2871
8144
1589
8269
9851
44
5807
516
437
1340
6851
8299
751
5310
3702
4585
1091
2004
1574
3878
1970
7063
3618
6990
3048
1691
9588
6660
5777
5995
5694
7193
1870
8742
3566
3899
4397
9806
4979
6158
6402
1211
4570
4788
6578
5259
467
3442
4722
9658
557
3770
2326
7957
9129
5807
4525
4598
5221
8159
455
9146
4739
4442
5646
9658
6429
2008
1743
9803
188
1284
7025
5416
7476
758
2492
8830
412
7788
1224
6146
1938
6118
5437
1924
4866
3912
9612
7759
9373
9798
4585
6820
5703
7256
6472
128
9141
6919
8830
8458
1698
4918
9470
9272
6744
6910
481
8370
3314
5695
4186
7432
6935
4308
7207
8620
9005
3721
4792
2517
2396
3984
430
390
6699
204
9713
220
4286
2364
9688
3492
8958
2765
4447
7020
6648
6165
5179
7955
3430
1241
4444
3678
5612
7152
9885
1394
48
7852
1123
5419
2127
6312
6062
7714
4488
9080
2572
6540
7197
261
4084
950
6006
693
8474
4169
9860
187
1971
2839
8542
6836
9087
1154
9540
6751
4777
9546
319
8318
171
6433
1241
4268
1365
2645
6702
6733
2531
7568
3592
8639
757
3168
7156
3493
7671
4918
8678
5715
1533
9860
5880
8283
6877
5290
7224
4908
8173
7736
4302
3026
6221
8879
89
7650
9708
1737
9327
5828
7467
3127
7656
4403
9247
9902
6079
5919
3997
6046
9080
9858
868
4604
6784
311
553
2958
7391
6075
5420
1794
8559
4795
3266
566
2418
1878
3078
9506
3785
5934
5590
2849
8248
8406
2203
1477
9036
6974
9211
1305
910
2127
8656
4443
2157
1616
2094
9778
7097
6750
4346
3252
408
5672
4567
2861
1137
8680
7484
4200
2840
4491
2261
3145
4268
8019
6356
8377
8107
9076
3922
416
6863
4114
884
6432
6138
8822
8409
801
9784
3300
2408
7034
1588
2338
2441
2575
3839
9342
339
355
9489
5011
8465
6418
9866
5510
175
4137
5260
3717
1670
8021
2828
3929
6388
6293
4788
8135
6722
2314
271
6683
4416
9540
2083
5226
1557
1929
5578
3780
4538
8764
8736
3566
926
1852
5649
4465
6565
628
8647
4271
5540
6066
1629
4386
4206
7658
5949
6147
7786
5704
2620
8025
83
2806
594
8924
4335
4639
3953
8245
8559
1480
9179
2905
9285
9261
3003
4536
643
323
1569
6094
3667
6000
1143
8349
7911
7696
1020
3898
5980
9430
5994
8833
6144
710
3483
8120
1257
6725
129
1926
6674
402
5711
4059
6887
8723
5101
4944
4655
1412
5504
7463
4134
6526
4358
4082
1662
2245
1013
6639
3618
54
2264
9129
5486
345
6761
8574
5777
4883
3278
3918
193
9643
9419
3265
289
7083
1461
9187
2594
6076
9243
4567
3926
8530
4699
9617
6352
9401
6457
9012
5711
3490
8307
6620
8137
6582
8573
6542
1961
6526
9166
9772
8134
1585
7270
4491
7106
1093
3792
4579
783
1826
4044
7542
810
7696
5203
6955
5645
7144
2222
6376
8425
4266
8206
6702
1335
2799
5127
3707
8509
4919
7225
6068
6909
9471
6433
2340
1260
208
2510
5258
5608
1878
8228
3885
9446
765
5809
440
1379
1617
896
4817
4303
2790
1346
3868
3379
567
3155
4307
5965
85
6069
5864
4600
7976
632
1339
1263
2862
5695
5437
4633
6964
767
6547
6037
4320
7256
570
6990
4686
2328
6891
4022
2407
1764
4119
8125
2565
8960
692
7052
8203
9292
5523
5808
2363
9285
1469
132
4470
9177
8516
5922
5459
183
7339
2022
4799
7830
9059
3311
2585
7317
1279
7756
9177
1842
2193
6212
6512
3213
8697
3902
5003
8385
6430
7671
5243
738
3674
5035
5786
437
2520
5508
3812
969
8562
2223
4424
2097
3325
4734
9901
7381
4466
885
8013
7766
6631
520
7092
5257
3619
1256
480
4614
919
7074
3752
9667
6778
4060
4156
4023
7524
2148
4797
5770
3944
8207
3279
9969
1787
4415
9888
3963
4000
7622
3918
5545
9658
7477
4106
3153
7943
528
6817
1263
5028
9198
50
1488
8471
4756
5318
9265
578
5877
9856
2317
6088
2242
3822
8423
7240
7122
3470
9204
1368
6516
613
3297
3155
8207
9
9301
9953
1003
6080
6995
5331
3533
741
4746
8157
1791
1498
7030
9097
623
3385
8122
7765
1601
9456
7415
3654
5683
5912
820
7058
7613
9895
8511
8584
6753
8333
263
4746
6016
9311
9575
9797
2860
6986
2555
1501
9075
266
5449
5624
6439
106
745
3131
2490
5531
1554
8751
2594
5646
4270
5090
5259
9937
7717
3637
2229
6162
1403
3458
1234
2284
3080
1311
3810
8324
4905
4614
6900
5913
4579
5416
463
5195
619
7506
9150
5380
6093
1222
6779
1511
2152
369
5040
4484
4538
2923
9268
8918
9271
2913
8862
1991
4389
4155
7025
9433
9321
4165
625
6939
1850
6680
1067
8853
4627
63
9317
210
4486
6849
68
181
6679
9723
131
2711
6271
9325
3786
1982
5346
7982
6642
1665
6554
8472
805
6464
481
9717
6059
1927
596
9839
9660
5471
9301
6186
9856
4474
3605
9057
4431
2422
2845
8681
5311
4666
4023
4314
3161
9995
379
8643
1592
3868
38
9402
2299
6155
9258
2853
9729
4769
790
8140
9585
6839
62
4660
3409
84
9468
9312
8377
6288
3551
4220
8820
7873
3160
6138
2441
6166
6555
6063
1548
1953
8246
5792
5433
9899
3886
3701
5216
751
9327
9661
1632
4704
9096
8472
4604
9362
905
3076
526
1067
266
5304
316
5817
581
4426
2995
3119
412
3562
8214
4726
6592
7631
8592
4269
9226
3509
6198
5767
4095
7625
6960
3890
2588
4116
8776
4687
1534
3078
5261
3478
5536
481
1687
2942
5476
9615
9317
9460
706
2097
338
5765
1447
6905
8111
1464
9879
334
136
7395
6878
4759
6971
2640
8343
6426
3229
6465
5649
8307
1584
7334
8300
4735
9190
6111
5944
5649
8793
9611
4192
6737
5060
1998
7286
1195
2442
5682
6004
7312
4807
1200
2942
7866
6599
777
3510
9046
4598
9050
6385
2851
3810
2399
512
3004
7464
6712
7715
2000
5519
4230
1541
524
3202
140
9698
4972
5353
7148
3983
7546
461
8337
3499
384
4392
434
8135
8412
2600
6897
1051
9743
3225
1340
2927
2661
1486
4282
3731
5730
7967
4003
1793
577
9659
2417
4664
6458
1078
8538
3693
7450
5066
8838
2390
5473
8899
128
8611
7030
8576
9302
9399
8621
3178
1798
7299
1862
7213
7036
3486
1070
3417
8253
9579
6457
6543
2921
725
1975
5770
1676
7334
4062
3204
3600
4676
4386
8949
7454
3761
1357
5670
6701
7153
8665
4603
3171
7399
7860
5118
2801
9245
4041
5051
2622
4033
6813
9259
5933
8929
5978
9403
6636
1259
6899
1968
5337
5417
9578
7121
2912
2912
9758
3275
2128
5399
6715
1099
914
1854
3372
5522
2864
6856
2968
2431
3292
9010
581
9566
7863
5126
3016
8525
7783
1953
9034
5441
254
6697
9266
7754
7820
739
2205
9888
9487
766
2922
7223
7317
5713
8345
4079
5557
456
6539
9779
8291
4468
8675
6326
4836
11
9258
7785
9896
1233
5492
175
6365
1274
845
4217
2587
5617
7701
2124
4650
3079
2944
2526
6088
3358
2249
2149
6781
8937
2967
7326
5414
9254
7150
5785
8021
2940
2918
7809
1481
4420
9992
8253
5274
2747
857
6043
4868
4128
1491
9939
2754
4414
5128
5211
1524
6148
238
1477
7762
7108
1003
958
8266
8165
4760
7111
4124
5059
6195
9647
2699
9892
643
230
3087
4690
7252
3340
2501
6205
7280
2653
7446
3027
4572
999
4125
1938
4261
1873
2701
1440
46
4372
3416
9033
9987
7109
7987
3745
1919
9809
7932
1843
7240
2862
3770
4898
2124
6833
8896
6898
8976
1556
9827
8350
3512
5238
3593
3760
2985
2185
797
4322
6945
1258
9846
6270
6813
4053
4703
142
5352
8755
4286
7471
4720
5602
5787
1709
7229
9227
9814
7427
2976
5803
2464
8489
4545
5066
5520
4749
3515
4226
759
9734
9011
3610
4898
5982
3015
7500
8084
8070
2130
8753
1545
221
7270
2356
3629
7910
9451
1883
6531
3758
2370
3369
1345
1141
8794
1356
1725
1747
8533
9954
6627
1126
7995
4552
8459
1110
703
9805
8694
9728
1142
1744
5297
4222
4258
2242
1219
2189
1437
7610
5297
1632
7694
7001
7363
5641
2264
3756
7187
1659
5774
6336
9537
2175
2126
418
2226
2718
3896
2518
7206
9645
3189
6802
2616
625
8072
7122
6882
6551
136
9536
310
922
4656
4994
3432
994
7188
2817
8846
6947
2617
7034
3954
4806
2207
3121
2096
3840
16
8501
8292
8918
403
5651
8443
891
4385
6738
7569
5141
6873
635
1522
6238
6026
8614
7519
7132
6986
1232
5529
1079
3672
259
7028
6154
2848
7809
8418
4950
5026
3042
6535
1635
1243
1391
519
9004
6551
2540
6609
450
5247
3704
73
1981
5511
7715
8779
3593
5602
4964
6853
8784
2971
7213
5246
143
8623
2288
8042
6575
8319
2618
114
3830
4099
9886
4994
4634
8094
8514
581
4445
4622
5079
5831
9968
186
5046
643
5132
9030
4825
9348
62
6189
7751
8664
4030
6145
376
380
4262
4497
34
2130
2628
3589
6242
7881
5624
2721
4145
5498
7087
4382
2408
4161
7891
1381
5278
9957
3576
1645
2910
7544
3494
3270
52
7641
6348
1222
964
8488
7718
8133
6318
9947
4588
2949
3202
6378
3943
7164
5018
2411
4884
9326
2260
5679
3781
3590
772
2648
867
419
6803
2616
1587
2489
8635
9358
3537
8600
1533
4402
1757
5656
7780
8953
8064
2460
9572
4942
8179
8899
6013
6412
6627
498
2659
4168
1009
4372
3860
2757
449
8315
7621
7299
1329
3702
8360
2099
4313
3844
2841
5342
5631
616
654
9228
1546
3307
7615
1321
4018
5830
4469
1967
4405
391
5989
1088
9829
4467
8348
9164
4740
8775
3952
3441
8034
480
7623
4361
4099
7472
629
4334
6058
670
781
6011
9844
3431
2621
7702
6756
2539
8739
4619
3845
5653
2893
938
7713
7271
2270
9846
5495
3676
602
6855
6663
7212
1193
1065
5684
3253
7221
6545
5201
134
5909
3735
9610
9977
1244
6397
1845
646
2408
2200
35
9332
9595
2381
7587
6685
6648
6828
5201
782
8839
2381
67
3925
9347
2631
2237
1556
2018
3502
5318
2194
9418
3711
9744
9158
1327
7735
6026
5872
8000
4849
1268
8402
6819
7330
7617
8812
3478
8998
6604
393
1343
4418
1295
3527
3667
5684
629
8613
4160
288
8628
8905
6882
7841
9914
5884
2637
8429
5357
8913
801
9329
2782
3989
1113
1665
7105
2017
5014
3424
8078
3019
6897
4925
850
5000
2416
6216
5490
5642
7105
7413
1712
7711
6221
2363
1519
8978
7415
1732
6175
5048
3641
7691
9591
2014
1635
7305
2414
2002
8579
8612
3598
735
2210
5609
2007
1957
6991
4914
3468
6420
2938
9714
1808
3387
7617
5070
7768
8750
145
8127
4601
3281
7249
3029
9377
9206
5333
8836
3364
5110
3802
3487
7063
8492
3814
976
5501
612
356
9562
1986
2501
8264
9755
2109
3926
5883
6203
4397
6565
9536
3663
1856
451
4011
317
3486
9180
6231
2800
6623
8155
1550
8357
2617
9451
2651
3315
9573
6640
9569
7156
8393
583
6141
2099
5016
7493
919
5450
3323
9129
4438
6799
5573
138
1631
6612
4480
3497
7489
6320
4380
7555
2938
3831
951
9907
7137
2658
1275
2567
6630
7756
6995
2380
5270
1273
4310
1911
5300
5992
8260
780
9476
7494
3716
4751
2783
2479
7819
6038
8834
6075
9151
3248
2775
838
7644
2309
1148
5109
356
8260
4175
756
2499
6682
9803
3193
4868
357
2302
2569
8197
1496
8060
3599
8078
5444
115
6199
7124
4657
4838
5237
3732
554
8605
3747
9604
4432
3628
2000
762
190
5636
9999
6605
8720
4995
7033
4947
9590
7610
7462
3736
6265
7878
7654
5188
9176
2759
2200
2194
4948
7985
5698
3421
8938
7024
1944
8077
6055
3588
436
6728
301
1806
8006
5860
8060
6994
9358
448
3081
1252
7533
7046
7376
1500
7466
2676
950
8559
428
1672
1427
9805
5814
2205
9937
6577
7667
1696
3050
8956
8891
6001
7174
733
3434
4459
9871
1793
7127
2181
3400
1751
9113
3696
451
8652
6045
7437
9557
9268
7126
7496
3160
8763
5301
496
5992
5801
5923
1482
9326
7662
7398
4124
2360
1532
9872
6643
8066
3007
2804
9157
1431
8246
8272
9675
692
2117
1753
1285
532
230
2138
3781
1830
1395
2841
8411
5432
2938
8466
4069
5869
5645
2854
5738
4353
4988
1336
8918
8779
9402
9370
6549
6463
7968
6065
4913
491
5625
9803
3874
4048
4638
950
9096
5523
3616
2294
965
8691
1460
1210
5128
4540
8734
3287
5785
5391
2533
5322
5703
781
2834
2505
1130
859
5588
7318
3861
5329
7927
7919
9806
3134
4591
21
1230
4695
3758
215
736
2694
370
227
7318
8191
4242
2008
7728
4681
279
9521
7957
302
4099
3093
1213
2133
9820
8237
9934
6298
8433
5635
763
3541
1403
1993
9949
8713
2056
1090
1633
2318
4585
3008
410
2607
5186
2938
6617
3579
9589
9180
5050
8405
9962
9504
9034
1498
8807
9097
4875
5520
280
4438
4261
4735
9463
3777
6787
2248
2059
9015
2624
9188
7888
5639
5716
1090
2682
8606
6947
6881
1620
6354
6708
9252
585
2357
3578
1899
2958
8450
9905
2959
6215
6112
2037
147
8747
5675
3143
1408
6150
4368
1520
574
6555
5861
517
4322
3787
7943
8815
201
2150
7993
3900
3926
7729
5008
4149
7105
199
4888
9289
3608
9109
9664
2972
1775
3601
5569
2343
7007
5462
5539
731
7251
4834
6134
2697
4724
1840
9255
8112
5015
9635
9704
809
8222
2211
8111
2417
3738
1526
6038
1209
1262
5079
7911
1464
6891
2888
8742
721
8218
5600
1807
4738
6611
7262
6649
9091
1594
2311
9425
5265
943
6776
4274
3973
9405
8855
4750
9563
5490
3151
8604
5481
9424
4329
9468
2172
6923
4670
5805
1835
3097
8534
9894
9414
7827
4965
4198
959
5562
9019
822
1427
2101
773
265
4485
804
3937
2058
8035
8137
9178
5231
5066
6995
6326
5314
2281
7793
4477
2168
6924
6505
7589
2167
2408
6882
4859
6145
4440
4657
3790
4000
6470
2328
7177
3380
8651
4064
4982
1367
2985
2611
7770
3697
3919
3303
4827
2419
1500
9650
1916
3166
1085
6851
3898
4921
4511
8605
7856
7603
5945
7791
7618
3378
4347
5177
8760
2737
9818
2946
6663
8217
2810
3109
9183
4313
8735
3891
8248
9105
2054
2440
4645
4789
2740
624
2915
9619
8430
2255
8868
45
6207
7379
5421
5193
4992
4391
9350
8741
4542
2089
2600
8554
2986
3699
355
7975
7668
9584
6186
619
357
8751
5549
3504
3146
2828
637
3723
2262
9141
4307
7562
4077
6617
2009
5431
7688
3989
9320
4343
4541
9507
4562
9964
9839
6091
1802
9040
268
4940
1951
8845
6069
8248
9688
7455
1830
1916
2047
2163
3754
5627
6478
5401
7782
5038
4476
6369
1689
4924
287
3678
263
1842
6078
849
4189
5584
3665
7055
1026
1597
3454
7322
7189
5461
1492
5828
6929
4554
3601
5771
1942
7156
589
8914
3028
9160
2182
4801
1614
5433
7350
5343
4652
8272
8582
4226
2170
8838
3266
6245
8251
4991
1137
2156
2172
9156
8212
2320
3545
8647
9439
7135
1323
4516
1736
3106
1253
7164
7821
5028
3401
8864
5440
5592
4246
8111
2669
8917
6879
7265
3658
8090
1287
7355
7519
6950
6019
8432
6741
3871
948
9861
1255
2967
5993
215
4020
136
6535
5475
2973
5006
1017
8237
2844
9387
9550
5545
7910
4061
6487
9294
5441
6280
4989
1349
5847
3967
6996
4786
7087
2820
422
3949
4080
3539
7609
2473
9598
4031
4090
2533
2381
1403
4292
8651
7073
3050
4511
8132
7399
473
522
2680
7384
1653
4420
4974
7977
4644
4368
52
3140
1749
8387
152
4583
7067
4157
9304
1778
7077
5947
3879
9970
3953
6913
4037
1988
6337
4276
2797
9456
8864
7386
6614
2298
7742
6565
2426
9119
2634
4495
4953
9663
4037
9393
632
3016
4139
4068
5
8892
5206
6354
322
4526
6643
2709
3430
4739
382
2986
1640
368
1570
596
4276
4362
1773
7854
6841
501
1731
184
9143
2581
993
4216
5933
4560
6281
1021
7848
2268
4270
3905
4249
2509
7064
2088
5655
5032
3134
7686
8737
9647
2855
4585
8092
3441
5117
6269
1243
6285
7227
9503
7160
5022
7210
7741
3532
2426
6776
8869
8458
9361
5138
9371
6098
7665
6346
1766
7298
9685
2198
1808
7367
4044
1446
9496
9726
6408
6123
2491
9443
12
9778
1563
5041
4766
6744
9227
5299
9323
8555
3228
8256
4264
9228
9376
4509
3483
8486
426
7095
3350
8971
1557
4086
5419
2136
3115
3575
7713
8014
7124
6302
4284
9426
8446
9582
3574
4330
1331
920
7118
6467
7975
1129
8969
3551
3102
4816
2070
4987
6243
7921
5697
5396
6092
1040
8220
7476
9622
2629
3628
5652
7585
1308
1430
6925
3972
4838
782
9793
934
9152
7155
9506
9976
6883
996
428
5116
1867
9033
8299
1505
2726
1771
9202
605
8887
3333
7405
1362
6098
4708
8701
7292
1466
8881
6666
9698
2043
9579
8264
4034
2276
4053
7090
766
6190
5420
9209
44
7792
2359
7754
3596
5329
4147
4858
9536
2228
6320
5084
1505
3376
8431
4835
4444
8453
2214
8509
8001
4329
729
3073
2288
769
4264
9228
8673
4681
8436
4414
3467
4123
7360
3570
3738
6953
5105
1962
7319
4023
7130
7470
5723
4494
6758
657
3845
9217
2645
2313
3976
6910
1207
5715
7063
9286
5465
2826
1064
4918
6185
4855
3791
1905
1617
7381
6015
4860
1097
7491
3347
251
1190
3978
7199
3258
7349
7794
4011
3606
5383
9455
2035
6123
437
6556
2916
1645
6507
4452
1488
2279
898
2400
7837
2275
3679
3818
2876
9377
4642
8984
8120
5154
8966
3725
5720
7228
8515
3804
1937
7671
8815
7457
9535
6729
2819
7668
1467
5061
4464
4369
8353
6645
6003
1067
9353
8789
6141
4924
9578
3531
4917
4633
8964
6398
1335
6881
7156
6712
835
5688
3129
2702
2515
3816
3464
3440
2865
1107
9455
6010
2350
7815
4912
272
630
1475
9151
7898
4372
6930
1087
3591
4226
8405
2753
4181
8492
3137
5394
5937
511
4755
4225
8776
1240
5651
4130
2186
7602
5912
5924
5033
5468
3567
1181
7102
9721
8692
5768
9860
7730
9258
2339
3905
4601
9538
8476
4109
1063
9283
4947
9728
5713
3518
5499
7594
3590
6135
9032
4978
7345
6965
295
8459
1006
6053
8123
658
7224
5651
4459
9800
7368
5534
8207
1253
2415
320
4175
1702
7175
20
1122
8319
965
6196
9320
1950
8068
3586
3511
3586
9659
789
2514
765
8962
3879
2898
8547
1414
7817
6884
5412
4823
5146
2359
179
5310
4246
5178
3270
1959
7330
7803
7324
5842
1976
7494
4809
6732
6173
2589
3638
2139
873
140
6579
3019
7442
2291
8535
7421
5628
287
9357
3135
5710
3496
5818
3837
9141
6639
3822
8407
240
1626
2329
2986
5190
4922
6986
6385
8088
1815
5240
5228
3246
3272
3949
5005
5779
7159
7868
1954
6643
5849
6331
7042
8445
4189
132
8479
1676
972
7591
9534
8767
5231
1899
9246
7811
3593
7828
2519
5305
2150
9332
3813
5046
4129
9889
2437
9546
812
8057
1981
8770
1867
1764
4391
5295
5286
4540
1001
4790
8506
4708
7116
4223
5706
6460
8015
1373
4702
7194
2185
9330
5348
6649
4492
6516
2518
1995
4315
4299
7694
8932
863
2914
5609
763
6899
3467
7507
3951
2524
9052
6827
7729
6798
7441
2216
9589
9340
7668
1873
1064
4843
3618
5872
2650
3422
5217
7271
7874
2777
3290
224
6701
7095
9573
3845
4201
8613
4942
9560
4548
3865
751
4669
3132
2503
7619
9850
7050
4300
2928
2655
6647
2426
6630
4089
7245
7042
2959
7341
1682
6195
9632
1173
9233
8827
126
634
7225
3596
8015
975
4397
8107
7325
7198
4091
8948
2739
147
5802
5366
221
3574
9848
635
3577
4275
464
5484
6599
7158
5654
7601
7878
8352
4232
9578
5436
4304
2376
6984
2625
3454
6285
1953
8258
8539
5100
9432
9997
8297
4303
2811
1538
6315
5974
6058
1324
8598
5250
5851
170
1740
6996
856
5320
6795
228
8972
2965
4513
3512
8434
7771
8818
2741
6766
7288
7895
2376
5037
9174
1032
5487
8302
2855
2843
6062
1563
2378
8173
8253
6837
9054
6525
6814
884
6457
5429
6632
1462
8310
6127
6467
5483
4784
5868
5040
2719
3574
9207
8770
3429
6221
212
6676
9138
6253
8693
8001
2477
733
8665
6593
4791
6260
6674
9379
1245
2004
1856
309
1859
1263
914
6726
3046
4564
4
3518
6986
7802
3342
7988
3171
9403
4824
616
8841
9848
7675
4631
7763
7427
4154
729
9644
9534
1675
9222
8110
6489
3794
715
1718
8898
6910
2165
5306
3485
3629
4573
6248
5175
1015
4675
7390
677
3422
5387
1436
6058
538
1396
4328
7224
2545
4431
7109
185
7082
3512
2889
781
5408
497
4007
2627
6270
4273
2492
2658
5309
5355
6218
3102
8382
2588
6412
9479
3339
8967
6111
6287
7786
2051
5950
2398
6387
4494
6352
2479
5056
5121
6403
117
1683
5467
9767
517
667
4762
4407
9149
2895
8777
748
5182
5177
1225
8841
9957
8019
7629
6845
8114
7400
6601
2995
3356
4546
1609
6240
1775
7920
13
7602
187
8952
6101
1418
2915
2820
5894
8812
8576
4560
6962
3392
9008
1302
768
7220
5161
5652
6395
4459
7426
8276
8289
2716
5082
2472
6411
5971
9057
8522
2631
1228
2881
1175
561
6230
9076
9806
5926
7136
2124
8817
8269
3554
438
3208
3986
2053
3777
4389
1078
6123
1524
5553
175
1911
663
3385
6336
442
6409
9923
9754
53
1928
5733
510
7832
741
4538
8143
5354
9726
9258
2335
8608
6
4734
2278
1873
8485
4357
2193
4667
7443
6508
9704
7328
1000
8650
5566
5691
3470
5483
727
2201
9063
8215
1625
4704
2697
6154
1312
9239
6246
5724
6396
2265
3218
1567
1904
5928
1106
4462
1956
2051
7729
5086
2610
5420
6029
3182
6832
2091
8971
2452
1883
4243
8531
134
9545
1791
3108
7573
9176
2331
3045
2954
8421
1719
111
7438
4110
9432
6745
9638
4584
9008
3526
8676
4471
3976
5604
6205
8675
9514
9321
9221
267
3793
3840
2153
3734
3084
2022
112
2819
3533
5286
9625
9005
4775
6665
891
5309
8590
9072
7399
5345
9333
7868
2875
716
9854
5662
5568
6186
6903
8897
9661
3010
3824
2686
4628
7878
7957
3704
1026
7410
6633
6818
1050
3722
3901
9670
9696
7311
4713
895
85
442
1921
3875
934
5925
965
1437
3879
7421
6453
3925
5916
4635
5624
6614
5181
2088
2036
3012
7351
4885
8046
9989
8712
2514
6817
9152
6815
184
5965
8257
1473
6007
8812
9218
1088
9948
1751
8702
6912
6520
9824
3604
956
2707
902
6415
8097
7286
4488
7607
5274
1700
3543
5199
2395
1932
5163
8419
9107
1813
4621
3695
1456
8196
2452
9908
5822
6405
5526
5233
336
3333
6100
831
5060
4442
9032
6004
1612
402
1055
9529
5695
8357
2982
9772
2463
3613
6823
9156
4784
3331
9595
5099
1898
6129
2147
2759
255
993
592
1691
1759
9255
7270
1940
5600
2712
138
7953
2899
9159
6807
8705
758
5092
7999
3098
5214
2680
7444
2209
9582
6370
448
7004
3738
1000
8932
8931
2294
6272
5749
618
9810
9363
7769
6440
1086
1041
4171
9751
3474
8869
6256
5625
6524
889
4341
6806
8130
9048
7545
7575
3549
8382
2108
5389
8806
265
8202
4600
3780
1207
5659
6627
3409
6189
8895
1394
7323
1559
2012
4172
8508
7693
8735
713
114
4822
480
2848
6659
2125
800
3245
8727
8173
7068
1427
7254
2380
7633
820
2839
9571
5971
2266
3210
9629
2215
335
1994
2946
9483
6571
7036
3372
9066
5856
9647
1395
5274
3984
9785
5353
7940
1654
406
2413
7899
5235
9120
7468
4140
4942
3925
1191
1333
8937
1721
6468
7502
484
2606
145
854
3712
2642
4229
6208
5354
9107
1212
1779
5859
7105
3649
1035
7485
1630
4316
1859
797
1729
6980
1215
4526
8806
4540
2645
5845
2039
129
4134
3178
3892
4789
1377
9640
4499
4227
9012
6177
6204
2545
6128
7908
5688
8280
7837
276
156
3847
7306
7405
4608
6705
8755
5626
8930
6328
4906
8101
1584
363
3315
8977
7077
8601
1966
2315
2271
1395
2986
7402
5304
5682
4592
9184
851
3306
8838
525
6703
2369
5688
8191
2823
6729
8570
7186
6034
5751
710
8171
9321
910
4593
5841
9229
7151
830
7086
6314
5522
8004
8761
860
9903
2100
8926
2113
9571
4775
5623
7489
4380
1398
9215
4674
5124
6154
348
31
4779
6280
6520
684
4815
8081
4394
1089
8750
9954
3700
2476
1751
4211
1181
4364
6927
7330
2919
4628
9643
5073
6463
975
5086
681
4940
9511
5378
1166
4105
996
482
7055
1534
9241
1483
8076
6044
1822
7706
7836
3362
9616
1074
3147
5738
169
217
4850
7747
7793
3234
5720
387
9706
9817
5544
5598
4134
3140
4882
5711
7584
5849
2703
1993
4695
2676
1939
2880
8851
1286
1097
6921
1806
1710
6846
9900
1939
4943
4771
9294
527
3419
6312
7761
4762
6668
1828
9423
5939
2478
1910
8681
2824
2125
5778
3767
8371
1153
1042
7492
8277
1969
8895
6507
2137
8798
8580
7995
2970
5644
3658
9191
8368
5588
5183
4164
9536
4942
7231
8026
848
2516
6941
6373
9375
2415
4097
9681
5932
3079
1529
785
3900
7279
1016
8557
4523
9805
5624
5963
8088
3833
6452
295
8819
2718
313
7235
6941
1613
4230
3429
3922
3015
6643
5761
5028
2522
7131
9721
4701
8899
2062
9891
4114
2872
5291
1088
4571
6626
9641
9731
9317
1267
9938
7014
6063
6646
7553
6657
2102
6861
2739
4319
8848
8100
6863
884
635
5255
3529
2000
2673
5902
1262
9189
1771
6561
6180
5946
7427
9224
2664
315
1971
4499
4111
2654
3076
9628
9697
8381
4969
474
7619
7839
6159
7742
1043
6013
6009
4406
452
9316
3096
7640
7058
3415
5
749
5243
9502
465
1607
9229
2877
4197
2423
2347
4349
3989
4209
7807
1006
5557
5147
7031
2199
8283
3422
3029
4028
5518
166
9937
3021
8771
3347
7219
4330
7441
696
2648
2326
4385
195
7915
3361
1244
4741
3642
3735
5395
6693
2024
1799
6598
9446
3758
7948
609
4858
5131
6582
7720
1215
3983
299
1670
6208
4106
849
5204
8016
6908
3293
1560
5480
6621
5361
7231
3669
954
3542
9780
9293
8633
8824
8141
8137
6422
9325
9588
9270
3721
2582
5564
6066
4606
3169
6211
7616
1691
5036
634
2792
8530
7378
9785
8731
238
1117
2824
8396
716
6939
3903
1589
6801
8426
2582
5159
2157
3532
9785
4781
1261
5934
4295
4325
7728
5494
874
3451
9149
9615
1978
5918
2907
6988
763
1255
9039
9410
7899
5305
6500
1191
8553
6781
8679
3975
9264
6180
587
1052
5459
8158
5250
5853
1531
2596
3083
5459
1003
4743
243
9372
9247
1101
4961
7984
8681
9813
7663
1327
6120
2747
5633
4480
8280
69
7381
7513
5646
3753
6229
4694
2864
8097
4156
3819
667
7054
5457
8167
8171
3579
8407
3155
5062
7128
1944
7451
1820
694
5293
9451
8516
9260
4932
2711
2525
770
7573
1461
5214
5569
9813
7249
8513
5548
6508
1150
6945
1141
7316
1627
4355
9496
3155
2540
4340
2477
9417
1152
8124
9929
5692
4952
8459
6778
6177
3603
3164
1444
1294
9897
9480
3995
2952
2602
3766
1157
4641
9513
619
794
506
679
3377
3666
5096
9020
6105
2391
8371
47
1352
6420
3337
5284
9877
4860
8790
1735
9371
2904
7985
5500
9847
7419
2146
359
6543
552
8774
3182
7836
9904
532
7329
9423
5013
1574
4792
1682
7156
7498
772
3073
1246
8544
3060
658
7667
2724
8905
2366
2905
141
7714
2809
5005
831
5957
1520
4736
2476
5552
3617
5188
2211
1448
5888
6007
5861
4863
3286
3997
53
2214
5406
7213
2427
8601
8875
9086
9701
8876
7828
9869
815
4930
9763
2818
4520
4417
4181
5617
3272
6946
4679
1945
7155
7884
9034
7096
7172
4650
1806
7860
5619
8369
2852
7926
2307
5595
2578
2230
7082
2434
5034
3600
7724
3748
4372
7280
1685
3069
1487
1443
682
7668
724
3106
7535
3461
58
4542
9566
1779
1914
5051
7069
9967
4250
2446
2077
1836
510
8924
1838
1950
8534
838
1911
1078
4220
3406
3512
1753
5410
4102
3163
362
7178
7950
7644
9746
391
8846
5537
8036
2664
5303
520
9982
6531
7757
9497
1926
5203
9848
2559
2562
9605
8732
9134
9886
1194
6456
9240
6651
1030
7812
6368
7811
1888
6707
2788
6300
4801
2331
1444
1663
3386
3802
9286
3231
318
1929
4547
6463
3909
1585
6550
5561
1542
600
757
8446
8815
7758
8551
3935
9606
8886
7005
4851
8934
2708
8094
9823
4968
3197
7124
2871
