8732
8730
1229
3422
1626
5580
6933
5165
1649
178
5170
6909
534
8765
6725
9919
2048
4151
9081
3514
1257
5078
6226
1595
1198
8516
1138
9739
7354
7087
767
2750
4214
5376
7126
5412
4975
7721
7400
5783
2894
4539
2209
8623
6945
929
3526
7992
4603
2910
272
4075
4441
9588
4732
3654
2504
9633
2223
3109
4441
7194
7811
4562
9410
2419
2694
5158
1639
1313
4944
4327
6750
3298
620
6718
2868
7602
4650
269
4990
3145
5135
4443
6814
6691
8309
4625
643
3471
2907
5341
5497
4290
1341
5700
6727
7647
9212
4526
8234
8367
6353
3290
7965
5945
7325
1142
8968
8013
785
4902
4983
1954
8119
1295
2058
3367
7747
2719
4110
8068
4514
8167
8405
9603
8829
2460
1957
4919
9990
5221
8389
124
2034
6622
6792
1845
6477
869
9366
7166
5657
2630
2686
8005
357
3543
6171
45
3641
3360
9900
6493
415
165
3853
8185
4884
8362
7116
4864
9185
4048
8022
5564
6512
4859
9919
1496
4503
213
6889
6877
3352
6944
2411
1884
5480
400
9245
5285
6288
1911
1278
6630
5320
1896
9708
1868
2769
8606
6960
8115
3753
4501
7981
1609
4607
7122
1492
5498
3624
4674
5542
3427
6471
3022
3140
3471
7754
1969
2704
4484
9117
1830
8576
7273
2770
1392
243
4616
5150
8051
8727
5896
3253
8774
3123
8851
8963
802
7276
8358
8907
3746
1661
1613
6369
7850
159
2297
8755
6237
4113
799
5901
2475
8998
1922
5925
707
8839
3214
6879
6875
347
5572
5947
9646
174
7697
9899
4288
4508
6952
4692
4346
5576
5370
169
6962
904
4919
1233
7945
5860
8913
3937
7927
9994
777
9775
1201
2926
8255
1962
4062
1478
2031
3399
6088
5666
6722
7676
2462
2398
4466
1729
7161
6107
1555
6898
3628
1753
8963
9803
3919
1980
8933
1015
1433
1634
8019
9652
9396
7921
8697
1362
6252
4989
630
2867
3545
1970
4080
1295
4181
7243
8771
5546
1394
7184
6776
1820
8439
3878
6147
9447
3963
8452
8043
2081
2545
1016
1965
4454
7646
7070
8279
4540
3700
3103
5476
2171
5477
8687
3353
1657
7672
7667
5621
6676
3209
3386
9620
4249
4857
6199
1212
5517
1773
9250
7399
7799
6946
8548
322
2528
4
9626
3648
7110
8963
4230
1846
8290
1707
4604
6342
9751
525
4490
1774
6295
2831
1366
8872
9158
1395
7716
9596
1447
5857
2761
2767
4450
5704
7676
5225
6928
8364
825
1652
8046
4018
8510
7712
8978
1540
1330
2541
253
9856
1461
4992
7283
7475
1103
4968
5579
9676
1163
1132
2288
29
2201
1253
6201
1463
7395
2586
4030
9379
9414
1386
9700
2837
3727
2277
4320
3653
9894
7618
65
5175
9343
1590
4396
7769
5483
6974
4600
2708
9646
7252
7201
9692
9364
8016
1816
7257
1511
7514
4144
8744
8510
873
442
74
5292
4445
3747
8826
647
1925
9782
3545
1067
7112
686
611
6856
8432
5980
421
7985
1322
9733
2162
4185
7
3473
5711
460
7063
2142
2380
3473
1320
6664
8469
1147
4322
2477
1037
3226
5773
2060
7720
7470
3655
8624
2251
7330
1205
401
3079
1533
3723
758
7188
1140
8280
5888
5284
972
8036
8365
3584
9783
7402
72
9746
447
2216
9463
2533
5955
4942
7195
2211
9261
2012
4691
530
1382
1221
8380
9255
6662
9063
846
9750
562
9476
7329
2867
8434
7192
65
5189
7408
8476
7937
68
3583
8878
1803
5113
1741
7867
7124
6591
6528
8546
7926
9127
3588
5358
3902
9750
9656
9110
6921
719
6555
321
9184
970
4887
6596
4099
8762
4877
2005
4803
785
4075
4623
6946
2504
9417
3267
7514
8794
1939
4254
3222
2015
1550
8201
9278
3076
3289
314
5533
8298
1554
7217
3512
3261
9694
832
226
5144
3768
8361
1713
4522
3742
7141
5052
8964
8411
1397
333
6389
1595
8127
8780
2300
7099
7168
9420
6686
7318
1023
5472
4563
6472
6505
9230
6857
1111
3684
2810
8585
3040
2369
5026
3578
2541
8699
8273
4409
3148
313
4664
1892
9981
9143
6702
3427
8437
1211
6162
2525
1412
3540
7826
2744
2888
7150
8050
7236
7910
8195
7852
4727
8587
1747
3348
9225
3100
5202
9759
8399
8895
5011
3537
7004
6359
3580
4581
7328
9803
5803
8419
9900
7521
284
7172
9500
4543
2282
689
5390
649
1036
6498
4953
2461
9936
3304
8233
5795
7476
327
3235
1451
7762
3630
6401
2
822
6385
9307
2568
721
7433
2107
9775
7952
7205
8302
4575
3847
4682
817
4512
4369
7750
7859
8512
8583
4543
6422
276
6348
1533
2326
5475
5184
8449
9759
6654
771
9497
3721
5896
1382
2821
9928
3602
4391
5177
4508
2731
5001
3658
1947
2794
9509
8722
7082
12
5771
7889
1419
6279
9963
9031
6220
9188
5106
6631
4590
9503
7446
1648
3803
4349
960
4921
3129
1547
7821
4256
4120
3405
34
3691
5274
2690
9585
9531
5966
6461
1366
9746
882
2882
8078
7442
5933
2351
6601
739
8495
7760
586
5005
5285
3352
9854
7598
1833
4588
5592
5534
2190
1514
3768
8013
6244
6272
3756
3529
9603
5575
664
8129
8136
7699
765
921
6270
3518
8987
778
4945
7081
5760
6360
2819
5028
8405
1921
2836
1987
7697
1378
869
5831
7555
9367
9113
65
1197
9661
8594
3072
1136
2920
7095
2457
6869
7585
2587
8933
1327
8315
5600
4813
589
5109
5754
7408
5194
1216
7866
1834
693
7616
7877
9286
7259
2304
143
1397
1807
6205
2321
9326
2184
1873
5944
2840
9264
361
8159
820
9334
3902
659
9382
5778
6055
5242
2446
3613
1705
4871
9981
1794
6759
2378
3520
5043
7809
5197
4564
7441
1189
7125
5122
5993
6273
2629
8715
9164
2914
8143
4832
3056
7046
2500
6790
6956
8494
3508
1204
7061
7697
7784
101
1333
2340
7531
5424
9494
2424
7796
1455
5163
3595
3378
8145
6776
5537
3388
9504
3425
6527
3282
699
3561
38
6924
4748
4259
5588
6564
6549
4300
3993
7502
9744
3405
7023
3788
3653
8741
7205
9220
6739
5117
6687
9669
9461
3667
4355
13
1418
5105
4003
7779
534
4414
7084
6540
1294
5415
2782
1165
3906
5859
1247
7154
1170
6092
3634
4739
9752
1749
9735
762
6219
7306
6542
5582
6873
369
7463
1081
9904
5574
5145
1443
296
6213
6968
5329
6321
483
2494
8237
5958
6040
5314
880
3869
9533
8498
3368
32
9615
260
9669
5369
3240
1559
3227
7872
1502
9666
924
7951
1701
1260
8332
713
9803
6857
4956
9124
8305
8418
9269
9254
1497
4804
179
1992
5662
1712
7340
1870
4095
1048
288
5313
5476
6073
7055
4653
3740
7457
4818
817
1569
286
4257
4779
6981
166
4065
2675
3542
4244
1727
1196
991
414
3872
8436
1380
1235
2209
9789
2325
9054
3856
652
972
3019
5237
3730
9801
303
5383
847
3599
8451
7685
1211
546
5399
5011
5496
7646
4665
8328
9851
9321
9092
4321
5062
2201
8619
3272
2505
5247
5029
8492
2514
6429
3604
3807
3962
4929
335
2873
3238
8860
879
7596
2540
2728
2661
7890
5981
6224
6713
2143
7659
725
4005
1331
1879
8697
174
1528
1182
7030
2878
5600
8570
9959
5170
4781
6941
1591
1048
566
7310
1792
5089
990
8441
1495
1781
2333
9540
728
7291
6280
8533
2885
832
1789
2423
2273
1927
5264
4754
8807
1690
6208
5981
5279
9026
2581
7557
7879
948
4389
5175
6146
4832
5867
5635
3015
2890
384
6916
7841
1988
454
9738
6597
7066
5684
9126
3381
2357
4668
9664
5784
5812
8503
102
8881
5008
3161
2469
9200
4775
1661
9780
2902
1105
2386
8053
4964
6153
9408
9382
1543
8348
6912
6818
1236
6469
9384
8212
3341
3454
4176
5521
6279
4725
9391
334
6329
5765
6754
8006
9728
7914
7716
3065
327
673
6836
5492
4679
7631
4162
7228
2949
5285
8120
7436
8899
1684
8865
2412
5624
4948
9128
5746
599
6139
3500
8177
1713
2052
1723
9199
9398
1402
9654
3628
632
3847
6491
562
9633
3891
3533
5709
9292
6948
2571
993
6604
1955
1434
4644
6899
4342
2382
4780
8786
1970
2466
4187
7173
8658
3778
2627
5908
4962
7829
1546
5631
4492
6803
5052
5193
8303
2778
1733
1415
3418
6454
3651
3567
2506
1572
9758
617
7078
2300
5056
9020
4873
4841
8662
1380
2303
3389
974
112
905
9801
4329
9118
1024
5362
2112
5151
6382
9451
8596
1563
649
3364
5368
5516
8815
619
4666
7085
4020
2010
8829
2662
2772
2526
758
9650
8141
3671
2889
4914
1804
1620
509
3616
2124
4532
2542
7144
9460
4606
4234
7627
3703
3493
8371
1509
9473
3145
2565
1683
8722
3888
6091
8895
972
1667
6346
8498
4603
2461
7009
2710
6561
3681
9758
9028
2855
1751
3391
4282
8076
7521
7625
9413
7775
1201
8958
9278
4155
9249
176
4995
1106
1205
6191
7915
5528
1614
2644
457
8186
4044
2540
6998
7597
1524
1066
22
3734
9342
8654
7722
9754
8282
3607
1201
6263
6678
1120
9770
2708
7067
4342
5354
2284
2013
1604
5355
7490
1842
3500
1240
9106
2934
6096
4032
4980
626
1816
6251
135
8936
5543
4813
594
2454
5241
2824
7598
4989
1652
8850
494
2873
7748
1118
9702
7185
4714
5583
9919
5711
2531
1892
5842
7413
8615
6820
2185
9575
6220
5637
4862
4868
9635
3772
1523
9529
4759
9830
6771
8779
7756
2500
190
4649
746
6232
5185
4978
4329
7794
5912
6232
6331
4424
6404
3651
8970
3181
3838
8421
638
8023
8769
6014
3988
5625
3238
3976
9595
172
2425
4883
8812
1140
7954
30
1701
1192
6666
2382
1634
7207
5245
8425
9725
8629
8537
5211
7367
7871
558
1578
5991
8350
8140
9732
3731
4175
661
5121
2994
1209
5383
4156
5369
1028
7420
5191
6469
6374
1950
7777
6515
1456
6787
3431
2778
343
6289
5358
7088
8026
6609
1723
9614
847
8892
461
2999
8221
6298
7526
530
1545
9387
425
1824
1088
3056
8696
1209
3345
8741
992
5921
2781
5063
4535
1563
4709
6954
3388
7885
5303
8033
4968
4599
3659
4542
4521
2136
6958
2192
8247
75
4423
7246
4969
2068
6361
1607
1689
7286
7592
4148
3742
9284
5616
5801
6832
5784
4356
8898
8289
1267
2910
9640
5227
3512
4419
5825
8164
6545
8535
6560
4251
1153
493
916
1497
5534
93
2466
5201
3102
5264
6101
293
1155
4290
5683
8983
7858
7709
8736
7779
8059
3902
6980
7165
4783
2019
1457
7649
536
3442
5143
8751
1032
9896
2588
8790
4699
4303
1298
5691
1890
3697
5187
6002
6808
9347
4071
9221
8736
6842
306
8835
9798
8781
6192
7251
3513
3751
6714
3514
8635
4817
4664
9659
121
7350
9260
1259
1701
6892
4283
3554
6411
3045
5889
4362
8714
978
356
5436
7948
2236
8913
3693
3136
6308
8953
2251
3704
5337
5277
948
7589
7784
7056
7072
9032
5528
5881
9458
86
2812
7519
1843
2558
6751
2424
6752
2892
1830
8536
2534
3394
1278
5566
6399
5904
971
6522
3813
8397
7009
7555
6364
1614
3335
5965
8627
5989
8816
5329
3185
5097
898
5349
5136
4716
7069
1134
6385
3883
2200
9359
1874
6800
2743
7553
6311
2218
657
1168
8061
9006
2068
1061
3076
5257
1154
229
9223
786
3797
763
4075
6500
5350
7437
2496
5928
430
1682
8834
9836
136
9929
6196
7650
5681
9563
8871
5781
9653
6408
5332
7647
7267
4179
3029
9837
2273
9878
3561
6840
1911
5599
85
1436
5283
5373
1449
5306
5057
382
1787
8974
2333
8225
8869
2138
4864
5425
9576
1591
1358
3442
1132
7388
5431
6428
9232
1171
4407
2658
3655
551
8120
1994
7924
4537
9843
4759
2367
307
8113
3564
724
9270
4621
6357
5313
9042
5309
890
4972
6847
302
1970
5482
8469
4466
2697
6005
8854
6140
278
898
2398
6727
1236
854
339
300
4332
2294
104
3058
9268
3477
7793
2718
1861
2767
9073
1114
190
5861
3517
7685
6808
248
6149
6511
9455
71
7146
8754
3512
4167
7835
2666
8325
2543
3384
5502
4974
8741
977
8596
4868
3788
1034
8493
7689
5750
2604
9929
6932
7740
5950
4416
7381
4713
9919
988
4705
3827
844
4260
5147
1350
9545
5101
5642
5127
4392
9318
9383
3570
6140
1448
4884
4921
2817
3019
9213
7656
8822
3704
7466
7217
1822
5772
8217
3418
5284
3612
2623
2395
797
1146
7897
6716
3448
3518
4242
5933
2851
2561
1358
3285
546
3361
1599
4501
9532
2460
1895
6900
1774
7049
5004
7139
6793
7930
9528
3773
6883
2223
9842
780
6695
6987
2773
4993
3551
8168
1472
9299
8776
3280
4805
6261
2346
4181
6671
8461
4172
3715
3886
2824
1716
5723
620
3748
6141
757
9922
5517
3989
469
9049
627
2718
577
6589
3558
587
6606
950
1363
987
2596
8123
8494
2244
8743
4793
2612
1259
1067
9600
3168
8337
7018
9064
972
6366
9025
8852
2794
8245
5955
5309
8306
4230
4177
3542
1769
7591
3112
7873
7566
2765
2522
1836
9120
7599
2126
1504
7397
5963
7309
4258
2922
868
5881
2289
5699
1512
5617
7191
1562
7753
8155
3117
5032
7287
9817
4263
8066
5201
3023
5020
8146
3193
2034
402
5814
5182
9944
3372
4240
7521
1454
6830
935
1696
2386
7437
8349
1887
7842
256
1973
5921
6311
9812
4609
9404
6804
1833
7782
7863
3437
2196
2940
2289
6111
9729
8834
5478
6475
517
1568
2244
2951
4041
6299
1325
2181
3335
4900
2379
5914
6178
7359
2767
3046
2225
6882
2221
5792
6410
8378
8111
5590
6377
4083
9258
3890
8646
5585
2656
8603
2870
5412
7324
8688
9729
2969
2270
3513
3284
7222
3468
6932
5403
1949
7259
4837
173
9242
3886
2847
6612
9686
64
2139
3457
6654
6574
9957
7041
7434
3535
7750
2243
3775
3043
766
34
4078
3317
9255
4611
8708
2507
9187
4909
1178
187
4428
6824
4421
3717
9404
1698
9809
1990
3184
5347
5185
5231
3074
6395
2312
6472
5849
3687
5717
4688
1627
8905
6492
4802
6094
5924
4630
8235
7904
7178
877
7229
2278
6467
2145
3133
2619
3717
4131
6051
2434
1785
9859
5418
4849
8847
243
2859
2298
2236
6657
5500
9191
6490
8559
5522
331
9618
7622
3479
7068
1573
4086
6005
4470
7955
2953
6606
4249
9179
3852
2132
9556
9666
2254
9842
9046
1074
9953
7246
5681
1771
5937
5667
520
5377
8038
5787
7907
6623
2801
3001
6094
652
8983
860
7698
3854
948
6894
5894
3636
8609
3119
8384
4525
5944
9525
4236
8717
6476
9257
9665
376
7797
5297
5636
8419
5484
9093
9917
7165
8699
7626
6377
850
6037
8904
683
1393
2144
5192
126
3059
1351
2045
3161
2817
7283
5995
9433
8512
1551
9190
147
3544
3336
5718
2854
3686
5224
9279
8369
1855
6976
8729
4936
983
6741
7533
8487
7039
8842
2842
6573
1284
9131
6606
9024
5751
2135
2818
1135
9489
9659
1404
5613
9508
7479
2833
7514
319
6049
6996
6169
2864
6822
8270
6082
2622
7108
2178
6076
9749
7507
2393
9670
8708
2617
8862
4413
6730
6693
7102
1550
2405
8143
8880
2195
5572
3115
5428
3503
3907
19
8168
990
1845
6673
3708
4461
860
523
6401
8643
9957
6741
1386
1981
7266
1734
6904
6891
8616
8419
784
3625
8946
5446
3763
4721
7941
6075
509
9507
1680
8674
2168
9730
9339
1402
7825
2035
8908
4400
3553
6206
292
8459
1592
5663
6756
6899
4928
3838
6210
8536
4887
5488
9235
4542
2044
6398
2910
8986
6519
4784
13
6894
6962
1283
4573
1655
2641
5864
3908
4869
7983
4215
4866
4577
3333
486
3853
8099
7964
1042
1146
6671
3296
3144
3787
6680
495
4796
9358
1426
9125
9921
7880
8768
6192
3397
1496
309
1090
5100
4257
9064
9929
1341
553
671
621
4657
1209
1557
2545
4810
1021
5477
3637
3342
3598
3818
7495
7892
1160
7845
6506
2482
5744
8061
6334
6098
8385
9935
8989
3543
7008
2864
6785
2082
6742
1955
2591
3116
6059
5837
3586
7800
8881
4314
8900
2403
5130
2849
9799
7678
2813
3198
3940
6411
2558
7447
5596
2491
4336
4523
6271
1274
2568
9001
7801
8157
8691
1555
6600
1642
1227
4379
1833
5322
4258
8705
3601
1429
9160
3931
967
5535
136
1311
729
3810
8923
373
9524
9295
6358
99
8779
1535
9566
2312
5232
9879
6512
742
3711
3574
6249
8156
6450
8434
1364
8617
2153
3852
3845
4166
3330
405
3555
736
1138
1256
8271
3991
9233
8318
2031
7305
5284
1128
5599
297
5756
1945
3473
3721
4917
8418
219
7392
9285
1979
4861
2295
2445
306
8219
5671
5449
2191
6768
8374
7980
8829
1174
3975
1608
2521
1508
5393
1543
8944
2872
5322
2834
1066
2860
207
379
124
9249
4912
186
6162
1450
9158
6395
5975
1545
8927
98
6360
1856
3092
4360
7225
2317
6927
771
9497
2112
2395
6909
4825
5849
341
9106
9538
9461
1379
7445
8012
5291
5324
2942
1855
8188
1818
7378
2015
7580
5632
975
2581
5294
5183
7088
9780
961
5609
8749
5933
9436
882
8011
6853
8003
5360
312
1109
52
6856
6514
166
1481
2086
1068
6531
149
2504
9037
498
9548
8755
1916
6479
1419
4327
9530
666
3252
9326
8577
3852
2629
1511
8575
4409
7312
6088
3852
2827
1505
6269
1963
724
9118
809
1099
3208
4114
556
9630
8457
6571
8250
6385
680
8965
1531
5433
3675
5829
9646
7856
725
8279
2662
7536
9970
3510
6659
9218
4061
8652
6209
8993
3279
6792
1192
7361
610
3228
6322
6551
2695
9695
119
7280
4378
5126
7895
5443
5780
654
176
6997
1858
8412
1237
2444
6455
3272
1129
9698
7454
1338
5569
9805
361
9257
3105
3888
7773
4170
4823
447
9507
3094
5160
1030
8159
5382
3158
4843
5614
1216
3437
3406
8475
9212
7134
4866
5554
8747
905
7337
2098
6624
9097
1357
4126
314
6918
5121
2021
4007
7669
1610
5830
9729
7490
8764
3251
207
4284
1073
114
6286
4083
6238
7900
2162
1329
1149
2122
8238
8333
9025
3264
7486
8348
2883
3997
3803
6904
7845
8463
8037
2822
1607
3546
1827
7576
8745
1721
8370
1615
5347
4462
9832
7223
5812
2540
2859
3457
1963
8984
5768
2998
3782
5674
8644
8346
8344
1380
4606
4766
9448
3303
6439
2610
2076
3464
2475
2691
6073
4586
2583
9427
3751
6623
2985
4562
3432
263
2536
342
1138
346
4940
8860
2694
5039
9039
5933
4902
3481
9232
7364
7115
3603
2166
2044
8023
7221
5146
2348
65
167
7383
7377
6400
6340
9246
7159
2688
4081
4913
8080
8844
4263
3628
9102
8363
7578
9915
7037
4424
6542
7788
2591
5354
5218
2312
147
4456
941
6539
6210
5117
188
277
970
2962
7562
2460
6354
5792
1880
3244
821
8567
1151
8520
2851
9975
3063
3681
444
7306
8108
7923
3522
2379
4791
2023
1181
4028
9098
2702
1747
7541
8703
2963
8656
3986
2657
6140
800
5118
3560
1245
2544
3297
6967
4024
4202
6698
9461
172
1392
7260
6095
8903
7008
2265
6754
8591
8170
5539
1278
2326
6693
9178
1497
3280
9864
8188
9863
8864
7317
6923
2880
5325
3745
6863
5378
224
5412
767
7821
4482
4567
8926
1309
4487
1446
9799
5954
6391
7232
4066
7969
5261
3840
1234
4551
3366
1800
3687
4160
6013
6835
596
2854
4469
4379
769
5157
145
6886
6529
3179
7403
7717
6795
7759
7767
7868
7009
1833
64
2233
3471
1632
3250
8954
7619
1485
2510
2311
2012
8424
1724
6607
1807
7647
3970
6071
6840
108
677
4642
5809
9505
702
887
566
7543
7044
3475
6784
5497
4790
1853
4095
3779
3363
8963
9603
5514
6759
9283
2646
7833
4873
8105
1454
796
5910
9148
3788
1695
1028
6901
1156
5422
6424
3966
930
2363
8388
76
4441
9035
5526
6514
3633
9871
2511
8027
4283
5007
6467
1325
3349
1393
1995
7975
4631
2597
9432
9769
1632
7896
9687
5089
4469
7889
697
8673
7355
9396
8033
7240
7126
6682
4842
3611
2307
8359
4471
1582
8284
7882
4864
8780
5227
9702
3552
9762
3427
8449
9335
8332
2930
8618
8443
6544
9347
437
2045
5744
9174
3837
672
4887
6974
9227
4198
6666
6551
8383
5668
6271
8125
7850
1485
3750
3032
906
9862
4766
4336
934
5246
8905
61
9700
4309
8508
8238
8297
4263
1870
6314
8727
2408
4447
7209
9977
1806
5999
5504
6885
3210
5043
2781
3063
207
5080
7133
4693
3512
8441
575
7278
1407
8239
8591
1766
4825
7273
4917
5689
8427
8254
4119
3797
9957
9397
5441
7037
6540
3055
9100
3862
9262
7451
7724
203
6124
6998
9493
9228
1375
3545
4785
5822
1295
9035
7320
4168
5855
5442
5151
4532
1081
9814
8458
4956
923
8983
3105
809
9639
95
8153
456
9340
6713
8016
3955
515
8388
5642
7826
7780
5689
4314
4882
3469
8297
2502
922
2077
1272
1182
1097
7903
4567
2780
9447
8992
2767
9279
7141
3893
8683
9589
1280
5391
4328
6481
4582
1018
3364
3652
7467
9800
7324
6751
5392
5500
3575
1486
2625
6480
2182
8732
8366
8913
7055
2552
4773
3932
8568
4962
7747
9108
8501
3933
9097
6099
3033
9490
9140
1815
7920
9904
8712
7620
3714
1296
579
7815
7387
3947
5417
1281
6653
660
1710
9951
1223
2367
8336
1775
1708
649
2449
8401
5904
8359
1299
3390
7654
9293
2466
4084
2346
810
8559
2277
20
746
5198
5759
1973
6957
6545
4621
9545
6466
2454
7840
2223
9145
4875
666
1154
7365
107
7271
7455
310
1715
5355
9997
7188
161
8093
1481
1332
8935
5843
2100
9432
9931
477
7169
2576
9801
4750
4103
7828
8856
9438
5904
3459
1167
8508
4417
1800
2929
4980
702
1288
4822
9709
9031
9843
5762
4785
6796
8451
3140
8212
7531
6611
5739
2790
9214
4398
3497
8577
7563
5357
3167
9627
1453
2276
9451
6537
6020
1652
3675
9680
8403
3954
5141
812
4610
221
1446
7325
6814
5016
7954
5652
4688
643
1906
9293
7719
8376
9293
19
8303
4352
7417
5345
8120
5195
8255
6754
391
9224
8764
5143
4775
3459
9809
3577
1469
4926
8180
8993
2952
6171
1762
2547
7402
7515
4939
810
370
158
8817
7643
2359
3656
1377
4050
6537
9795
2692
9414
1965
4691
6934
7590
6251
2810
876
1228
834
8329
7823
2793
196
300
7067
2132
2589
4870
7942
604
256
7445
6383
233
406
1120
2784
1119
2082
5758
7040
1674
2233
8765
7028
8260
9236
4172
6295
4592
6639
3710
9975
2041
2335
6024
7447
2059
6588
9244
1461
1667
1853
2088
9158
4519
8307
6700
7184
5130
26
9756
9146
5075
1288
6149
559
1430
3272
8806
2895
8417
8574
3350
3965
6546
7470
4342
7898
4382
3673
725
4530
2837
4296
5373
9820
145
9607
2508
9952
2536
6988
1164
4565
6882
4563
4899
752
6186
5464
6016
8787
7782
6349
3044
3092
8502
8122
2611
7049
3964
8802
2801
1457
9301
5226
6309
778
5915
6328
413
1822
763
8854
359
1428
7409
8784
7082
1982
2570
3590
1712
8917
7656
1938
6748
6488
1252
2280
1317
2023
6995
5458
5987
3733
4186
9707
5264
1656
8253
4120
4836
9857
5051
4193
8023
8928
5989
1615
5683
9717
1040
629
4479
374
7090
3884
3800
7362
8477
9821
9526
3635
5010
8390
4827
5305
2866
6626
7242
7701
3520
5425
3729
8449
8754
1854
3865
3462
3915
7820
498
9636
6597
1599
983
6366
979
5613
6643
301
5907
7901
3178
8432
4594
1200
4847
6660
9366
2718
6061
9363
4373
7981
6197
5614
6900
6029
1619
5235
19
337
3447
657
9322
9890
7038
3410
7407
8460
4325
7252
9982
6941
1794
5618
2246
5296
3855
7553
7006
7205
4096
1196
1758
1135
5263
8615
5402
5368
9466
4950
3993
1407
282
5569
4453
2521
9109
4704
4162
1436
9253
906
8392
8809
9380
7432
6187
578
3367
1603
2173
4066
8228
2813
6241
2251
8899
8187
4626
8422
8007
2038
8993
9374
3258
8575
6658
6225
1165
9725
6187
9151
3390
5570
7951
3189
2803
2949
1754
7830
2428
4824
2001
7863
2776
9927
3178
7468
9327
2202
3622
922
77
5739
3428
7214
1912
9017
5550
805
773
9961
9413
3641
5416
3021
675
2658
4861
3051
9447
5949
6432
6796
5994
3183
36
1130
6598
3330
5396
9190
6898
8962
6102
5264
9074
7650
2141
737
1277
3786
7398
948
7057
2466
5410
8359
2446
9755
9252
519
2606
6275
2755
7672
4489
3281
9745
245
7177
781
2419
2219
5409
1583
3063
450
7538
151
3947
3024
517
4124
1774
5661
8551
5483
9738
3527
7773
1677
8683
6843
4078
4876
6583
622
6206
8430
775
5793
7905
1895
3559
495
1366
5179
5539
5473
9403
4959
820
2295
5807
6227
2
8482
4500
7094
9121
9005
3542
6217
2472
5500
2098
5576
8141
533
4999
2441
4244
9108
9376
8154
5118
8621
564
1278
4294
3372
9944
4265
4124
2813
856
6388
1035
7850
4874
8101
6121
9112
9308
1769
2250
1688
9423
8059
8397
5789
7038
5006
474
6961
715
1712
2918
7653
1109
1380
7917
3221
2799
5749
9061
9277
2092
9658
4644
5709
4541
290
5658
6898
6319
5131
9800
7607
5903
3430
9198
2505
2881
8505
6333
4937
3790
7163
2097
9143
3469
3382
6741
3494
184
2899
6313
3559
2707
2973
9596
9765
3415
2687
1248
6747
9347
3576
642
5584
1911
5311
1749
7678
2182
5412
340
4293
9415
4123
5486
4929
7561
5500
2239
1158
3549
2164
6713
3420
8818
6241
4899
2929
3834
9432
9090
194
7257
9586
5590
214
6520
6513
7232
8158
1632
9062
1311
4771
2559
2019
4143
8583
7487
4666
2204
7914
447
89
3198
7183
6862
7222
6766
5670
411
8820
3844
2749
6322
146
7036
9829
8533
5271
8408
1047
8268
4081
9526
4486
852
1942
860
6798
2097
6315
5442
9167
7228
1175
9746
7167
6387
8407
3352
9298
9747
1561
7747
2812
5218
8562
8449
2413
4982
4314
50
2216
6258
1156
9646
6366
563
8712
6330
4919
6361
9967
3573
4095
3377
4676
5520
5147
399
9869
3441
126
1918
9109
1300
6707
6333
6713
9267
2290
3492
8447
1816
7783
6265
3226
2909
6072
1528
3379
6603
7675
2076
8432
2937
9779
7988
3651
9434
541
3042
3302
2013
5113
872
9924
297
7148
9855
2939
32
3850
9444
4040
1426
7913
8151
5789
7830
151
1767
9447
3618
7020
3265
5765
8049
3485
6172
1521
8719
2681
7278
8726
9247
190
6434
6703
6910
6341
2928
5760
6217
8589
3346
2753
8231
8036
7005
5023
1628
2198
5821
9283
8773
3594
9684
4993
1847
5107
1874
6811
975
8334
4220
7351
6571
717
4792
1236
1478
1448
8879
1488
7222
6007
3230
5028
3673
511
7534
12
6480
1149
9892
6520
6860
7995
9953
5653
506
1441
4855
1803
4466
6117
4785
7883
4369
5995
6181
7513
3244
5769
3544
180
3319
4332
2060
2766
363
4655
1319
1335
7572
1861
331
9826
8441
7699
490
8576
764
9138
729
37
6592
7075
7022
1105
1221
5347
658
7677
4329
21
6768
710
7604
9712
3201
2527
5934
7186
5290
5850
121
3519
4230
2605
5786
4958
9441
6670
5504
7605
6748
4105
5040
3507
3588
6243
7310
955
1544
5016
3997
3642
7005
7551
5092
9620
2222
8729
4498
7963
2642
3578
3848
4878
9915
3072
2845
4417
5319
6263
5905
3988
2172
6724
3272
2663
5670
4096
6124
6958
5216
4979
5642
273
1853
6479
6514
6679
7512
6165
2736
712
2171
7541
4963
3170
256
161
3592
515
3397
2893
5636
5281
9110
8
1469
281
4278
2429
3950
8126
2604
7540
2746
7663
7935
3574
3025
3435
6558
6166
6904
9153
3526
5192
1816
4631
1761
101
2406
5508
503
5608
3560
2323
9342
360
1163
1844
5009
6233
2400
5083
2214
4610
8107
4631
4794
7300
5234
6682
7136
156
3957
7231
5988
6482
1754
3917
8192
6838
8519
4177
22
8441
7622
6996
3980
423
8320
7575
2411
1180
8426
325
3765
1821
6939
8916
7084
7184
9836
4460
4867
5724
8372
347
1651
6328
6334
2860
8606
7245
3652
8171
7713
8223
5060
3772
6987
1111
651
4371
8980
7659
4270
5956
1730
3631
3465
4167
9542
2837
6832
1007
7001
4058
9310
4297
69
7274
5344
7651
4089
5459
8968
5165
7527
254
2611
5542
6760
3166
1929
5973
6533
5465
5480
7207
1454
2416
8617
8019
2862
2166
3317
5768
412
2644
1170
3654
8913
762
3703
9712
5767
2999
281
3520
8690
9104
8428
1475
1020
7923
7406
6376
908
859
4474
1535
8577
2102
2843
7653
8657
7324
4789
1922
2142
3200
4753
4883
9084
8957
6629
5997
9463
2216
205
3533
5183
1960
8516
2349
3988
7141
6999
4939
4759
6941
4860
9552
8170
9634
5076
6810
7918
6049
1055
8443
8210
8359
1377
5490
4351
3545
2391
2062
1293
1408
6912
8692
654
941
6352
6617
3586
494
3665
1516
324
9850
7162
5201
8339
5200
6712
9449
3880
9819
8079
3413
1160
1762
5323
6824
583
3025
7998
443
4749
4936
3645
3350
29
6168
8898
7229
3282
8459
3224
7424
2384
9538
8118
8359
1196
6176
7151
9150
6832
2942
8181
1473
3329
3498
7531
8891
5617
9527
6033
560
2496
3221
6767
5387
6204
3812
5171
2171
6301
9483
6167
5421
6595
654
1028
1622
3644
6963
5628
4407
5874
8847
3610
1806
6755
2171
20
6530
8636
6
1611
3754
2425
2663
4928
9162
2771
2730
2154
7384
1004
4979
2848
7348
6775
2760
4878
2675
2469
5909
5247
8653
3899
1626
4685
3648
9611
4960
8632
4032
3791
8640
3534
6295
7871
2412
2995
3931
5726
1866
8850
914
4808
8243
3402
894
5998
6262
5031
3994
7293
7345
4061
2727
4759
2957
9855
798
7977
1279
9551
7810
4097
8122
3592
2363
1445
6553
9476
4362
9764
946
6949
603
7058
4333
3844
5655
8224
3791
7650
3348
9928
4638
6739
6445
4579
806
1535
4914
2557
2196
5953
4447
2314
1039
6816
6686
4650
1038
9449
9444
6785
668
4230
6346
396
3458
5669
426
9113
4199
2574
4186
3628
6202
7882
9459
1382
7147
7784
638
5017
4562
1805
7567
4993
2502
8289
6018
7516
7157
1005
7185
4341
8205
6563
9259
408
393
6049
1121
5137
1109
5800
8357
9622
1766
818
6111
3157
7357
5304
7503
3254
8810
4427
2222
8862
6662
1353
7894
5169
9650
2909
1955
3194
5389
9845
5423
9639
8622
9051
989
1097
6663
5501
3908
8761
3448
7945
3226
1683
2177
2861
159
1853
3501
3930
5531
3778
4340
396
3745
9040
8155
5951
5486
8199
3845
5163
4232
1921
5394
6471
4535
8306
4315
6406
6591
3309
518
3461
5414
8717
8126
6210
2991
6789
2750
101
9692
1459
4314
1645
5298
8225
5305
1948
2942
711
15
5708
4915
8284
3712
1304
6289
5705
8325
1852
7538
7095
7338
2222
3259
879
4982
5027
913
1945
2960
8696
5449
3743
5470
2773
7607
3749
1173
6309
3000
2366
3463
5880
3293
4809
8545
7130
5004
6821
9920
7285
8463
897
2563
2597
4120
2092
8385
4419
3243
277
1035
997
7751
1318
258
1172
2814
938
3697
2539
4532
2016
8852
5172
3631
1458
8928
8449
2333
7851
23
4091
2024
5674
233
4552
1180
2872
8653
5515
5364
6753
3066
2722
1330
2466
8128
1975
4551
7373
4316
4065
3124
7381
2753
6447
2045
7391
8965
2661
3164
9935
2085
5391
254
6943
8972
2077
1085
5706
9991
9941
2285
8182
7175
7779
8949
6129
3841
1164
3329
6952
3898
4960
3535
5957
967
4643
2920
3785
2507
3789
3907
5991
2351
5428
4667
7674
2468
4387
3493
6051
890
8844
7381
4374
1780
4942
205
4973
7498
5915
3549
7800
9331
6211
6036
7125
1855
4297
5976
4329
9156
7299
3199
6202
6034
6294
5831
1746
3111
1274
3661
9454
7671
7278
6062
5054
7578
9160
4176
6025
4437
7947
6287
6591
239
6106
6659
6139
9392
7542
5818
8170
8410
9163
6895
3590
5644
1179
8340
5486
9111
8458
1861
6223
2253
4095
129
2053
148
981
9546
2695
120
9951
9892
1209
1012
6607
5963
9928
9634
9691
2354
5569
5455
5491
1043
8507
383
2472
9410
6399
820
8690
6914
5979
6085
63
4337
6143
5976
4606
5991
8410
7995
3123
8049
8459
9271
5685
2577
9036
5216
8412
5851
9419
6103
6292
767
6762
3052
1622
1669
7676
1571
3146
1875
1430
3037
3913
5124
948
2270
9819
3951
5028
3700
3944
7573
2331
7441
2584
9236
4697
9894
373
1183
2407
2839
7494
9875
9792
9296
7575
3091
4354
2936
8314
6838
4848
1248
6619
5421
5357
561
1629
6766
5396
4460
823
5719
2159
8718
8436
9321
467
2385
6971
7782
1198
1963
9467
8590
5542
4038
5331
1652
4695
6728
9597
2091
5385
7105
2724
1083
821
7162
3878
4136
8265
3606
5786
7946
2015
1774
7715
1074
860
8253
2623
1968
5964
532
5640
2885
1781
8028
9879
1319
5229
9976
2071
8668
4863
8731
333
5053
5993
7352
8499
3305
8507
2835
9516
7591
6177
1521
6575
3767
6322
4257
792
6441
4104
7628
6127
4853
1465
9839
9302
2792
7283
2558
8906
8288
1535
7117
3082
3283
1441
2661
5080
3507
9754
9317
3461
3129
1015
8048
6707
260
1453
6111
4996
972
9184
5629
4564
7234
2604
5480
3588
6154
8050
5706
6022
5948
3928
1228
6055
9060
8438
3291
2326
3661
9176
7285
6687
4786
4167
2997
3837
3416
3132
9041
1339
1172
7561
7933
9104
5906
2553
5848
679
5961
9073
8926
5456
4047
3295
7512
9200
9787
1992
7646
1821
8162
3784
1335
1796
1898
8942
9777
3067
9606
1642
171
3021
9008
4367
4850
8387
5994
2123
149
6507
2589
2612
6365
4587
250
1829
2640
1491
6655
3797
4050
1424
5485
7220
3177
7387
6225
6137
7205
6963
2776
2780
1072
4318
8901
5904
6447
9679
8445
9125
3205
7663
1843
1139
9231
5549
7419
6747
1546
69
6302
8285
6412
5809
7592
8747
7536
1788
1190
7462
2161
9857
4918
3185
3731
9809
1540
2046
5686
4345
5381
2960
3046
7529
592
6386
9580
4345
7988
7627
9968
9478
4591
7135
661
4490
6368
5263
6726
154
8368
4658
8489
982
6963
3348
2745
8657
7408
9422
4009
5372
1061
7200
4687
3341
5239
8882
5217
1205
9166
3190
3800
3563
7494
2683
5265
7782
2524
9241
3440
6276
5320
5531
5976
723
4470
2063
566
7243
3641
923
6937
8565
3617
4596
8416
7390
2448
7319
9250
7485
46
5521
987
5178
857
4926
3488
4280
8082
4962
6133
8167
5981
7732
52
5530
1224
3964
8871
3176
8316
7973
7563
8243
6252
5235
9945
2898
4267
7874
5334
5204
9990
5955
6230
9799
4543
798
9865
9544
8575
6285
9160
8678
4790
8770
2583
5884
4544
2886
6166
8483
8448
6074
9169
2072
7957
2744
8925
5622
4980
590
13
207
9628
928
8176
26
1502
252
986
426
4098
9327
4601
2030
8812
8884
3453
7482
2651
4061
8354
1380
1708
6850
6755
3916
6785
4157
1841
1799
1872
4243
4563
7984
6272
8953
9050
3861
593
2556
4382
4291
1899
5740
4385
9121
1473
7138
3260
9072
9291
1442
2970
919
2236
8632
8499
2777
4173
4260
3241
7344
8411
9187
8553
9854
4763
6616
5758
9859
9834
9591
6889
94
9678
4063
9481
5968
2465
7633
2443
9646
897
2768
2507
429
1273
3643
5748
7640
453
6272
9687
6332
9315
7038
5879
2712
7186
4530
4357
4856
1380
3401
9238
9699
4553
2875
1241
8173
9151
2530
312
6539
1817
3594
6447
5642
6679
8123
8581
1120
867
8118
9405
3561
9904
556
779
2640
8183
6768
8781
7935
3275
7586
8266
7495
3530
2808
5876
8397
2402
7575
8488
7923
5960
3148
4515
5721
591
236
6032
9063
5948
3237
3989
3262
3996
5676
9795
3997
2096
8600
9989
2382
3749
2377
3263
4231
5327
8951
2112
3871
2247
184
8718
3292
9629
1482
7601
6755
6040
5057
2049
7946
736
9718
1986
38
3596
5004
3499
7854
3012
1878
6301
3801
7585
6106
4173
3582
9885
284
394
1639
8124
2161
6815
5764
4519
696
3632
2514
8074
3039
7956
7038
6551
2043
1646
4031
390
3224
634
323
5451
4257
858
368
3883
4917
5707
3522
7308
4019
6870
5756
4663
409
9821
8575
2902
6222
5519
2900
1371
985
9779
9972
3922
9262
7249
5542
4460
141
3191
6660
9650
70
6188
3867
1302
6446
1881
9602
4989
110
5205
4055
6169
2200
2375
6142
2221
3071
1129
4168
7705
7733
8952
4466
4477
886
6446
4620
7667
164
9062
7166
827
210
6105
4592
4221
5954
7272
6455
4341
5917
7910
1261
5779
5724
3803
1721
6886
1107
3320
1388
9012
9023
8954
1916
1118
1721
9389
416
0
7260
1934
4824
1047
8038
3227
5959
6094
7782
1920
6267
5798
4673
9827
1788
9823
7690
8686
8753
7083
4724
7733
6560
6844
7673
8154
1804
1255
4189
3473
2499
6565
6856
6455
7080
3982
3085
213
7741
2497
7843
5627
9104
9186
7053
5590
4339
9195
7166
2092
3428
3035
636
3333
5275
9526
5374
7980
3373
9884
1422
4704
1904
4308
9421
9701
8941
8217
2746
7805
6737
7476
945
6255
9239
9097
8629
7373
9790
2083
3814
2608
4088
2096
45
9464
5929
3523
1180
7554
8608
5104
6840
7857
1074
3139
3722
4795
9765
7351
6648
6121
6448
9361
5355
5951
2090
4380
4093
6177
896
8000
8190
1290
6069
8813
615
9808
4262
9956
3772
5418
7037
5192
9196
1632
636
3087
5180
6100
5375
3834
7608
2438
5434
7693
6160
4727
6741
4094
7374
1548
9429
5002
6657
607
6914
5549
1787
2260
2523
3913
532
9808
3579
1230
9083
1256
164
3722
5314
9002
9199
7993
802
7062
392
5751
5856
8375
2653
5888
3066
168
2582
2223
5988
2035
8535
8589
4717
5086
1300
2920
3576
1461
3302
7800
8859
4203
8610
4904
4563
3019
8779
8372
2348
1436
4199
9594
214
1163
9693
3411
9606
6635
847
363
7226
1355
5242
7048
2720
1574
9004
228
7701
6279
4416
9341
3760
2592
6891
1652
9765
7749
1324
47
1388
4209
9875
4551
7835
8940
8374
3554
5392
7888
3313
6940
613
2938
573
7504
8961
1562
2183
2988
4015
8551
670
6069
7019
4858
5834
7622
4272
8041
3646
1857
5310
799
8975
3016
1480
690
9212
3779
3199
5449
4835
9813
2966
7475
8727
821
2018
9386
2690
8203
5566
8336
6031
2837
3539
3805
7531
2976
3106
752
9281
7350
4241
1455
1630
9813
3963
7557
6024
8270
2349
8404
9788
8565
3715
857
3102
9543
6130
5012
5603
4885
5351
5443
6291
6974
4767
6137
9477
7674
3158
6235
673
2447
6168
7485
5571
1510
5845
8913
6858
4461
3362
4419
5854
7161
8548
7466
9122
2681
702
7988
6846
8093
5148
4396
1999
8798
5164
4656
5045
7825
8080
8349
5112
6113
7730
7341
2397
6230
5285
1592
3698
7217
8153
1142
1522
931
9588
9129
8426
7301
7014
6795
6971
5170
9389
2579
7298
1772
5485
6772
6345
1189
3867
9033
6380
5013
9307
9740
9431
1206
5069
2892
7395
9110
4289
9628
9939
4006
2873
1068
9209
6035
6230
7744
810
1284
1378
9941
6723
5151
42
624
745
8512
5246
2508
3349
9120
4761
6509
1623
9848
9697
7219
2231
4122
9399
7861
880
9760
2640
3292
8898
4416
7563
309
4959
6123
8222
5096
3635
9366
3017
4280
1164
4444
2147
8883
3863
1781
6279
818
9244
6363
9444
9361
6337
9011
5512
6688
1884
3516
9060
6962
2510
6750
1726
6328
949
4937
7549
7226
898
9665
2874
2257
6830
5417
6054
7787
1975
516
3997
9099
3481
1821
4047
2534
4971
8201
3972
5948
610
1534
3211
118
305
6054
1769
4413
2718
5818
7933
8926
4232
9052
9920
9578
3489
7187
2530
919
2956
7725
4712
1367
9518
9961
3481
689
2702
9191
1356
2747
964
1600
6616
9364
6454
2756
1952
776
3648
1641
5069
6156
2583
5071
4867
4428
1901
4469
9045
7784
5671
3052
2992
2884
6821
1843
599
344
2573
1079
1710
3526
4461
5185
7961
2631
2436
556
3124
733
5235
1754
7271
1314
2656
8556
8784
4447
5093
9052
8787
8233
146
3572
7076
7912
8608
3731
2542
4611
2156
1607
8202
2568
9930
1542
1694
7397
7109
2235
1992
1345
1345
8312
2549
3916
5780
1677
228
8265
3058
6151
5250
3521
2292
3477
3380
889
8108
48
4023
8705
8013
8512
8576
3627
3551
4702
1384
1114
6861
1386
7337
2858
7059
7442
6888
1833
1023
3160
2131
6930
3502
4276
1552
6004
6357
4681
276
6452
8161
805
9288
7060
8212
3287
3331
2832
9735
8921
365
1078
293
9114
1404
1672
8814
2392
6461
4849
6589
1546
9865
4948
7917
7092
5202
3737
6960
2571
7269
8869
4425
4931
2952
6056
2098
276
4645
3772
4111
4055
2098
2101
2794
1053
6637
4388
2872
9880
7190
3965
8220
5427
9863
6615
939
4339
9143
1120
8084
9593
5871
7163
1651
1495
6652
5361
6162
5348
9573
8537
7746
2688
737
2533
9448
7764
2154
6863
454
813
865
7080
5381
3304
649
8998
5067
6336
5116
7758
1133
3525
5688
4517
8184
4934
449
1299
4400
1275
8226
7524
306
8653
6218
5531
4689
7329
7167
3175
2185
2279
665
7270
8728
8791
1782
8347
846
7653
294
9825
231
1815
7403
4221
7000
6220
4349
4513
7314
855
2463
9179
2587
3340
6774
6728
7085
5117
4308
7738
9169
1941
5572
8853
2860
8417
5788
9392
3152
2102
452
6746
981
8401
7292
8490
1249
1997
8531
8469
2979
2653
5860
1330
9816
1485
4682
5387
2016
5054
1261
5728
3345
2555
655
8290
6242
8550
1361
8582
431
4956
1361
5212
402
5716
8198
4186
6048
8283
5478
5087
6585
5839
4758
6516
6080
4242
9037
1374
3734
400
7375
8097
840
4723
3401
8425
7746
9002
2248
2699
636
9949
8038
8023
1292
648
927
4099
3287
496
9339
3733
9575
6173
9143
7505
7797
4138
2209
2000
9512
9986
4847
30
7580
3263
4372
5678
2314
9772
6440
7046
6035
2779
4451
6636
7801
6735
5224
5432
3314
4937
8086
3238
1061
3642
8522
4666
5580
5895
627
3607
6792
247
3186
649
5101
8007
442
8029
6276
5249
1785
3515
4056
2292
7698
6796
1722
2507
9704
1062
8914
6776
8685
4575
1900
1609
8969
3938
4740
9705
98
6418
9144
2832
253
5787
9592
3801
1534
9793
6292
7195
9156
8065
3152
4571
9181
8768
5944
1725
2943
3072
6191
9565
4692
15
1561
8611
8749
3492
9038
6503
3288
6570
5150
5366
4370
1223
2039
1910
7203
7920
973
9910
4769
1719
7619
620
1422
7329
2427
200
7994
3015
6761
7025
227
9579
8140
237
4225
981
5052
8041
755
9788
3906
2586
2914
7786
200
7957
6729
4033
4522
5023
2099
6280
4795
2972
2396
941
7188
1420
1064
8837
8509
273
9808
8125
5138
4791
3083
1801
7684
6221
2868
2931
9155
4980
7812
5033
7705
3636
7128
4470
3471
3960
8492
1738
4926
3946
4783
5167
7841
3284
3793
3632
6977
1917
1279
3633
2777
4789
2647
5408
4874
4927
6349
8300
2154
9167
7125
9814
5160
7362
3235
3551
4291
6594
5366
4549
1780
8070
3198
1192
8
7915
3959
4400
2428
9236
5954
7237
3701
4178
2255
2916
989
1719
9595
8543
7611
192
9583
5758
6821
4968
7
479
49
242
9340
383
6551
6730
1853
4707
1590
1455
5400
6958
967
1949
5872
2918
3213
9887
6113
981
5106
318
2561
2571
6998
6822
6937
1588
8486
7440
4371
5039
7908
3480
4350
2186
9895
5570
686
6971
2325
7548
1325
9534
6319
2636
7575
5662
4319
6665
2544
6933
8855
9026
5372
9730
7680
6768
3384
9728
9792
265
6221
4150
7084
361
9050
7487
7598
3686
3022
7642
9200
9141
8656
7557
8993
3027
6252
4361
9247
1275
7268
1820
4896
7437
6183
8881
8107
4620
4505
3126
2186
958
7178
2059
1327
7175
2450
5958
3586
88
8064
633
3643
4901
7732
9713
370
7815
736
4652
516
9022
481
8517
2996
4400
9254
9646
4177
168
9380
2977
9180
9895
5456
8242
1963
6596
6230
1818
577
293
775
9158
3211
6635
8177
9994
9704
6469
8511
292
3883
9853
2610
3163
477
8661
9063
6926
7920
2803
1781
3417
708
5086
1452
3747
9445
9490
7750
3773
1584
8918
4075
222
8246
1322
5306
6360
6223
9259
9941
7707
1657
9087
9094
9327
7285
2292
7765
3301
7532
9303
3897
7773
8512
7358
8450
8124
5182
4429
549
214
8719
4737
8707
4964
5777
2387
4917
9154
3355
2702
703
8661
2862
4074
1760
1620
5992
2125
6462
7152
1725
4449
6241
2281
5021
6301
1710
888
2871
7181
1178
1793
8710
9727
8988
6919
380
4129
3549
4897
7375
8610
9946
4830
8599
5236
4911
4438
5598
6830
2132
3057
7967
3397
8488
4269
8496
6426
9943
9476
677
4029
6283
6173
1524
8909
9950
3134
5086
4840
1240
1863
8576
1564
9776
3115
4503
1410
3681
9785
1390
7271
5289
6041
5049
8120
3826
5313
1238
4718
8422
3954
4185
4073
4220
3346
2327
3772
3306
9689
5285
1777
9352
757
5590
269
4481
6402
3620
5373
9766
7085
2744
158
8086
3405
8739
241
1124
3403
5083
4637
1895
367
6418
7286
7677
4503
7344
6429
788
731
8104
3991
4500
9613
7918
4531
450
4779
3639
7424
1692
5864
4951
1336
1209
4027
5986
814
4607
2085
2647
9902
4606
647
9881
8984
4339
8304
2592
9978
9057
7190
4585
9035
8981
8753
5658
8473
5487
4207
9791
6345
9763
7659
2945
6031
5416
5081
6076
3649
8516
6530
1822
8703
8083
8201
9384
3852
9732
8934
192
2146
2187
3661
8366
4501
1279
5916
2355
2456
8369
7513
5327
399
2293
6301
139
6947
7702
3849
3568
9257
2227
8942
1462
2527
5368
5882
951
779
9368
1805
8741
6553
4015
7644
4157
6102
9292
8443
4752
9499
2726
3620
5279
1002
1202
1423
6409
1782
8062
2437
6150
5882
5365
935
9919
3244
2199
5838
9133
5396
4964
1576
3087
6564
8772
8774
6384
4649
2143
4036
7654
9258
9097
4068
6530
8606
3663
459
1324
3944
9473
9169
2716
6930
5655
2858
1187
3079
7725
913
3902
3454
9310
9355
4535
1150
532
8715
2230
2428
5038
1759
9638
4025
4782
6891
6784
1296
4404
1312
9580
1739
4513
5188
5922
5795
8859
6156
908
5913
7586
3304
6924
1230
133
4200
9947
9742
9533
5380
8073
4948
8229
8896
8906
7714
9531
8690
2148
8763
6074
9891
8675
6412
1332
2163
8940
4122
3432
8740
2290
4376
7806
6316
4842
1734
4835
8407
3892
582
6944
7042
1763
9023
3239
4632
3510
5617
6282
8208
6263
168
4008
2145
9839
7695
4629
511
9897
7970
5259
5825
6309
793
3089
3697
7142
1912
4053
7171
2878
1123
4798
1566
1818
9032
8128
9651
3173
6700
8652
3323
7840
5223
2476
2122
367
5660
6477
7147
7105
4323
8510
5921
5322
1119
732
969
5934
9541
7490
1598
1563
9110
5330
5140
5370
2442
326
806
9567
4977
7338
3197
9318
1936
7985
1085
8316
967
3330
1481
5435
6906
66
8555
2613
8877
6243
699
8299
7158
3717
3632
9209
7054
1760
8729
9893
7336
6751
7924
5334
5670
7580
2127
6985
5312
6602
3386
3134
9646
2653
4967
6211
6009
6162
4656
9043
6775
2526
6493
6198
9626
2507
2409
1260
3706
3987
2264
175
9255
1192
980
4215
5405
6146
9764
9326
7939
1569
7301
2274
2857
7565
8652
4504
8750
7420
3200
891
7103
9686
3118
4809
258
1725
5707
3163
5171
867
3279
1324
4338
3210
3878
8454
1672
751
805
9862
6398
5330
1104
5205
5225
4218
3341
2060
3854
7904
2510
6285
787
1373
3072
9569
8073
6170
3956
3679
439
6601
4155
7071
8290
5976
7935
9647
3686
197
2831
7998
6615
3338
4493
1772
8581
7913
9584
6039
8384
3646
9308
7266
8356
6994
537
2965
137
4309
381
5502
6794
7126
9423
9796
1175
4032
6915
9249
6283
3693
8374
3656
5072
4511
9669
7448
6879
1299
987
160
6586
7917
5294
6792
7292
6888
8715
1296
5438
4970
9509
9377
9816
7329
1203
9488
3915
4696
597
4549
998
334
9756
4690
5272
5652
2194
3845
7324
3089
6085
8837
3322
220
8916
8877
1831
2630
2504
4286
5317
5619
3810
1312
4184
8996
3839
7742
3307
180
3533
2183
702
6437
9162
6251
8160
603
1519
1640
4694
4869
3971
2349
8884
672
6054
9595
8413
2325
7657
1284
2192
6311
9231
5379
6523
8443
506
6275
1812
4451
537
7143
9555
3901
8135
6884
1058
2664
717
1227
1111
863
9592
447
1647
1461
2427
3511
2942
4243
9329
981
2523
2249
9991
4390
7205
3783
9727
9716
97
5243
9828
242
4332
6828
2793
4982
2536
9170
8537
5748
1608
6429
172
1328
6718
8784
3731
5062
6015
6994
3333
7568
5122
9555
4619
7306
3910
3744
9678
7275
2937
1000
1130
5867
1035
9350
6115
4818
8668
7445
975
3772
5706
3580
9373
6093
2076
8662
7671
8421
51
4665
3700
3102
1909
2259
5119
4776
2208
5486
1072
8792
9491
1261
2811
607
5299
4305
292
7368
2668
8912
6394
8570
6019
9561
1861
1542
182
8526
5230
5247
6072
1256
7224
8272
7300
8028
3957
8776
4230
1338
2610
3181
6372
2182
4280
4445
768
8765
794
7770
8370
303
5752
1138
8271
5129
7082
2348
397
3577
4594
3682
256
5824
2720
8234
4037
4539
3307
7270
347
1516
3138
1330
6302
3212
2198
3837
5280
7416
773
1416
7731
7459
6877
5769
5504
6086
1
2170
945
1609
8378
653
6743
8927
2925
548
9462
6046
407
6229
5457
3523
7423
6853
7164
4422
4835
5058
2931
3245
7067
2981
2804
3177
5951
2796
8947
6950
2730
7951
4538
1136
6325
8738
3138
2485
4586
7375
287
1649
4374
9234
7008
4543
5958
4207
36
23
8604
1082
1250
4942
9239
7700
4541
5397
7849
3565
2976
129
1600
2511
3315
2456
1691
4321
7198
8685
3715
4679
9835
7460
4771
1281
8870
7832
5972
8260
7219
1743
2760
8923
8346
1648
6700
9595
1897
8624
4196
7741
4636
1020
4399
157
49
1863
5919
4551
2852
1637
7009
1350
6308
3925
1246
3790
171
7957
8830
6709
9424
9588
6346
1233
7369
2677
4165
1667
5756
2095
2423
8574
4488
5974
43
8814
3061
4613
1232
7007
1913
1420
5408
5581
4733
1409
2615
4420
401
2909
9424
3939
9794
7487
8316
5047
4674
3165
2788
7371
7697
4251
8795
756
9214
8435
6862
333
3881
2431
729
5557
6725
1823
4795
8004
4180
765
6499
5960
62
9744
1265
2846
2671
8483
8779
7001
7657
4996
4140
9895
1824
3860
9309
7661
2625
4652
6366
6298
4546
2281
539
7970
2179
3866
7214
7970
2691
312
867
3908
6666
6828
7309
7952
2986
5948
8084
730
9655
9860
2676
8885
8291
834
3733
2864
2513
7134
5379
9528
4398
201
1413
7780
9205
3295
666
8805
1269
808
4309
7345
4128
231
3228
4995
6551
1357
4675
6676
6567
5636
6642
4686
9605
1653
9678
1345
132
4349
5457
5557
4933
1338
9510
6465
5415
9528
8747
9690
5281
9279
9461
8846
5550
5330
4756
8059
7605
8737
6313
1155
2459
8702
2960
8762
3558
6726
8175
7551
3616
9321
8672
6919
5351
8752
2412
2789
721
6763
9580
7022
2610
4984
1394
7288
6174
7796
9135
4274
6897
1619
3739
1395
8036
4302
3098
6230
8378
748
2907
8688
1353
1195
6074
5960
606
2542
3495
6798
2917
1966
7338
842
9157
9291
8545
7474
7308
5672
2587
5761
7591
3900
654
1997
5581
7276
8882
1048
5653
6182
4411
9972
3856
891
5668
1414
8909
5433
6682
3632
4301
2337
1357
4930
4280
2897
2238
8745
5756
5623
8922
2706
8160
7145
1097
7452
541
4076
379
3329
3659
2446
1144
6735
7555
7365
6985
8266
3622
7130
8564
1874
8990
8955
1460
5253
2543
5723
7717
2683
5038
137
5292
30
7260
1705
1811
6710
9793
8215
872
4833
5054
3352
9972
1854
1192
4622
7374
6914
5911
3972
5123
8626
7058
7047
3716
9205
5685
5844
4909
4818
6359
7695
8290
3521
7154
1114
9474
5850
5554
275
8472
5406
6258
3731
6819
5637
8982
9605
4060
7921
8348
802
6772
1066
5014
6665
2971
212
7989
2606
1025
3949
3306
6054
8473
7359
5061
6450
4700
78
5147
1524
1360
5636
5499
9716
2367
3326
228
8078
223
6080
1783
6988
6469
5556
922
7224
8507
488
8142
9262
7860
2947
9250
4523
2100
203
5258
9459
576
2531
4904
3981
2773
6823
9442
1136
5566
5297
4298
9644
9983
9910
2383
4945
2165
6317
9585
2916
6436
7837
7943
4212
1936
5884
3664
8412
6386
975
7616
2164
8068
769
7502
7691
1175
7801
4214
9645
6114
9786
1657
3210
6190
8497
9278
7950
564
4305
2357
5782
618
2341
3022
2738
4588
692
2045
6888
3159
1029
4750
4591
7681
2133
1575
9214
2408
4691
3770
4363
2102
9939
6802
6649
6179
4733
8021
3438
6606
5713
7847
2080
8618
1833
1546
5727
7746
4763
3103
482
5756
7325
6485
5084
5036
7066
5528
4056
6921
64
5541
5873
535
7993
3679
678
5539
6372
6559
9855
2671
8606
282
7445
3181
2669
5972
5847
587
5848
1468
7644
1588
3287
8607
4776
3454
1717
1612
9113
9204
3964
6516
6542
171
1974
1545
624
8153
867
188
1373
8204
3248
7810
7150
7043
9039
1903
2367
1093
9681
3469
1073
8595
7897
4284
7247
9386
8903
7224
3822
4760
7446
650
8706
2089
3740
7274
1206
1123
5348
7693
9719
5659
94
9440
8340
5476
1457
7733
4414
9813
9245
8019
9523
495
5442
7946
2274
7689
4298
1237
9250
3643
6366
6613
758
2597
9104
5060
3302
1765
696
1244
5744
1987
3749
5414
8501
8456
5944
1770
7929
1169
2810
4008
5514
9426
1127
8211
6646
5794
4999
3516
6824
4111
8443
6076
9293
3481
8682
5742
6372
6396
4431
2648
9117
8000
2275
7535
6745
28
9445
3817
1745
2528
3308
8081
832
2358
1098
1331
1469
893
8413
7507
6766
7179
4419
1633
3544
7673
6121
5019
9774
202
5397
1532
6737
161
4890
7514
7151
3591
1465
6617
6349
1181
1771
4296
802
361
5243
6934
2383
7350
4272
5479
7982
6923
5882
1938
3580
642
3991
9072
3907
4425
4043
1542
7130
1776
1344
671
7468
3583
4180
7877
9427
1796
1158
5584
5407
123
830
3183
2429
9186
2636
2423
5929
9918
3549
9813
4278
2951
3933
6509
9600
2392
2710
1923
7138
228
7166
9026
9017
4572
9466
8799
3170
6394
6051
6186
5765
298
6530
3457
9812
808
6643
4720
1789
1619
5613
7211
8227
1530
6392
4516
9650
7671
8277
7035
9085
9234
8446
5178
2957
1803
4165
7857
9720
3837
9253
9534
3867
7362
4047
3980
6421
476
6697
8792
5749
7989
134
5518
4615
9954
799
7486
8179
4950
9148
5498
8117
9016
7101
6531
1851
1352
500
8008
6642
8785
5000
7951
2365
6078
3343
864
7482
2411
8095
9173
974
9484
1285
1096
9100
2927
563
3002
1003
6679
9677
4769
4688
3755
1416
4851
261
7516
2129
5068
9976
8688
2150
6963
2988
2182
3152
8536
6610
9935
3
5767
6855
9975
4524
8633
7730
6005
7430
8923
789
7497
7004
9962
9108
231
3263
8610
4662
8492
603
9966
282
3026
9197
2286
7333
4321
8107
6917
9775
2026
6391
1068
6676
3909
7914
4713
9231
2783
7120
4256
85
3205
4279
2478
1683
2187
7855
2757
8918
4541
3874
8118
9331
37
5485
3828
777
2238
1299
3408
7897
513
9148
8762
1105
5936
3286
5198
2316
8550
9379
1878
1372
6347
9880
7077
8746
6718
602
5145
6466
5349
7998
5233
8152
8273
1736
6639
8424
4085
3935
6993
1483
3711
6358
9572
4057
5516
1373
5747
8901
2656
440
368
5162
1995
6745
2984
156
8408
5081
4059
1635
6153
6942
2548
2514
3914
610
2832
4199
6646
6774
8231
4615
2386
395
7660
9988
307
3019
3230
5345
4855
6244
3809
4908
7630
70
6156
1527
8752
6482
16
9003
9876
5357
5330
6769
3810
7057
142
4906
8540
1547
2254
5882
2209
5753
2776
1600
9084
2995
9848
5388
1851
8713
6780
9909
3132
7639
4884
3843
4453
1304
5447
164
6757
9227
4738
7028
5065
891
6178
3250
2877
8323
6804
3307
3989
7927
2698
1877
7294
4556
2443
5756
6633
4628
7151
1162
8577
5420
3636
6170
2173
6298
452
7236
6100
2090
9124
2982
1014
5748
6534
8193
6816
6598
2510
3528
1908
3473
5920
5204
4940
3007
6549
9896
8861
9690
3530
2129
2075
3576
8451
9644
7254
8
1076
6579
7870
9567
7206
1898
8802
9716
863
1545
8021
4249
8939
35
2117
3623
9253
5103
9500
8432
1229
9166
9748
556
8375
6410
8559
6995
907
7438
7297
6890
938
6808
5521
5931
5657
2340
6267
4021
6402
5224
2144
5003
1874
4611
750
3495
12
8451
4322
3347
144
8822
8779
1910
6830
7314
1192
795
3339
1807
8809
3424
4248
1131
3310
2131
4513
6185
7966
6913
8836
5479
2029
6004
7022
4745
8681
3764
5659
5064
6982
2455
3115
3949
6746
2116
8029
3611
9101
8342
1148
5471
682
4594
6415
8719
754
743
1300
8619
8982
3826
485
7409
4511
4664
6792
2774
4888
2084
8633
7428
5136
8275
4824
6353
309
299
4385
1194
4102
901
7084
9624
5764
3364
4797
7434
9588
8303
3990
7937
2463
7040
6081
3156
1970
5706
9438
2081
5323
5254
8723
7016
9708
3720
335
2406
9770
62
8410
455
6357
106
4516
8080
6742
861
1644
1146
9867
9357
3185
6584
8094
695
4965
8095
2193
1668
4383
4602
860
2303
5870
8847
2178
67
9915
2044
3029
2390
7664
9526
9893
3534
1579
2357
2523
8000
6413
1109
4061
8291
2214
5965
2069
2138
8922
9013
8755
2239
213
8101
5678
3807
9594
4054
4235
5669
5902
6675
945
9600
8116
7477
1693
3658
6691
4559
9115
2608
5571
4192
5255
3274
540
2568
89
9905
6777
40
1145
901
3289
789
2177
9563
3848
6085
3940
7525
8121
6854
2098
9738
163
4461
175
4736
4272
8411
5446
4362
9897
6146
6668
6020
2845
2404
3267
7025
3964
4330
8891
5861
5529
44
6310
7327
5299
2129
9810
606
619
1589
4486
8717
2093
5516
3111
6078
2393
5352
5632
8366
4593
6782
1004
7142
4121
6156
6717
1444
2818
6914
3561
3791
7962
6237
4208
118
8151
2847
9437
2142
8600
4840
3742
8307
1660
7950
3926
7329
9292
7188
4631
8611
8697
524
1268
8746
9040
9167
3206
9143
5412
8365
7787
3705
8028
695
755
5856
1307
2992
7927
9546
5915
3489
9765
9752
3040
2696
5482
6170
2229
9388
2151
5629
2282
4949
5093
7437
4968
5462
1078
8983
9641
293
6730
234
7052
37
279
965
7195
8070
6021
6300
9261
5085
2695
5207
758
1516
5706
6344
3685
7035
6913
6023
6214
2157
1423
3078
5601
3317
888
5845
1913
8944
9905
5621
6759
9531
2699
3003
2416
4516
8975
4159
3367
5850
6368
7196
2253
9885
6678
3451
9755
4734
5297
2605
3380
706
4020
4895
8613
7200
5363
3877
7181
175
4386
316
5180
7074
8448
1227
8817
2703
3927
9169
8059
2753
2656
363
5789
4226
824
5716
6639
7436
6089
7179
3646
7299
2241
6052
5510
7804
4389
5216
9153
5097
6977
