6440
6207
4686
6064
1487
7167
1731
2740
3497
9176
4278
2680
605
9597
8766
609
6731
1352
100
5939
9924
1793
2858
8537
70
2333
3077
7503
9607
7369
9151
3444
5155
9274
4308
3005
2152
6362
797
8146
7412
4472
8318
5667
7725
2808
3607
5433
3924
2586
2974
5067
7910
6221
6401
4646
3349
6148
5993
9153
4090
4228
3132
6127
25
833
7524
1330
5289
5760
8457
368
554
1953
8527
5451
3475
7191
811
7262
8725
7643
3579
7020
4395
4084
5534
8934
2872
9662
9656
6003
369
1643
4056
3184
1340
2190
5642
6892
5283
2277
144
8164
4129
2605
4512
5956
7694
950
1171
6157
5337
8731
428
6447
649
6111
1732
5941
5299
8590
8457
5626
6104
2454
9999
8910
7897
5343
4110
1284
1549
3919
1978
6448
7498
5414
2891
1789
9571
9577
1239
1922
8491
3498
665
1638
1215
7609
2535
5229
458
9701
1592
6693
3819
4518
2060
1674
2606
5602
8059
2351
6839
9886
4608
1417
6752
3979
8948
5234
3219
9942
6369
5722
7350
6534
7135
2605
1788
8361
7694
288
2807
8881
826
1847
2326
5285
2629
2980
3354
1217
9183
3969
1518
8888
5083
8604
8890
9248
4885
7236
8660
7300
2009
515
3331
5870
9342
7284
7382
9454
9885
4245
7907
7770
9543
7957
9060
2760
9091
1467
1350
5968
1879
2001
759
2400
4203
8462
1451
8531
3715
2540
3475
458
1627
5507
6872
311
8516
6455
5942
5344
5598
3899
1331
4937
6062
3747
9344
7126
9544
6129
156
3418
5886
2692
5421
7
9755
931
1666
880
5833
8851
5739
7345
769
7448
6142
4036
1084
8749
4244
2635
5524
6005
369
7980
670
5822
6337
456
9117
4325
8987
7586
2383
56
4572
8935
85
6864
555
7584
4788
5062
9511
6746
8159
3986
4167
8614
7604
5308
6041
794
1884
7521
7894
9880
2322
7440
9337
3933
4593
1210
1762
1508
9864
8153
4962
712
2875
7207
3950
4220
8193
6660
7846
461
6493
3622
9820
6684
1654
7723
2852
3809
8283
8192
5701
4862
2162
4691
6612
2645
7527
6621
2990
3578
3300
8003
6882
6
9024
3454
5738
397
1357
1820
2601
5223
9674
7433
3386
8699
7620
2653
2279
6870
8358
7952
3224
1671
2451
99
8550
8184
594
1305
6692
1571
3669
4268
7161
8490
6740
9813
7659
8199
1985
2454
2452
6462
5591
477
5187
4729
1304
7913
5024
4874
4342
6120
5220
5347
4779
5210
7555
8924
4904
7553
9802
52
5128
1029
1554
5406
271
4896
1959
7806
4993
4079
4884
5903
5500
6761
6080
1973
4912
3820
6879
2681
6280
1818
7229
7549
9047
1814
3711
1529
2258
8735
3295
4431
2652
2400
1334
4561
8923
9781
4457
6408
5954
7217
9880
263
1235
9317
9846
8017
9129
5581
4011
1083
674
7121
3771
3309
3800
4004
6358
8457
1184
430
5548
6257
783
453
3250
3100
5426
1519
3049
5130
9363
471
6727
9062
1937
6965
6314
9730
1967
5693
2399
6676
4723
2211
3756
5530
8628
8025
761
4919
3423
5999
5223
5523
1669
3622
9479
781
6066
6745
2591
7610
2531
8881
1720
203
394
4708
1371
6834
7689
6627
6490
5491
8030
8871
1534
8572
6696
7720
4471
7400
757
8130
1707
3363
5247
1203
7393
8314
7486
5532
3664
5221
3102
4788
4144
5842
491
3553
5136
3920
6654
3927
7229
6795
9509
9732
7493
2797
2088
907
4084
8346
2273
5190
6853
4401
7173
8357
4955
9191
7315
3056
9348
2156
2962
1268
2389
3242
4726
5691
8080
3143
2583
551
746
6829
901
4911
3853
5515
3710
4595
6226
6578
1448
5318
2948
7911
7934
9743
8668
2134
8597
5944
6605
3597
4578
5072
3832
8241
7343
4250
8071
6396
2827
941
5762
1721
4443
23
3500
2261
4503
9440
5481
2719
6830
2770
708
7644
8319
4477
5307
4983
7023
5945
4545
6639
3946
7149
2251
5828
1078
5611
8172
9459
6524
9829
3751
506
9556
1226
3467
7910
6243
6407
7630
9157
463
3885
6767
1808
4363
6188
9921
2865
8942
3088
9373
6881
6396
9123
7775
7294
7772
7671
1182
8891
1267
6021
6195
7000
9018
202
8087
7093
1010
7397
8739
615
8314
5388
6175
61
381
442
1465
4890
5690
5306
516
3436
456
6870
4110
433
3451
6172
138
8571
5224
8739
7889
4441
7689
9767
2790
4160
8100
2828
1855
1545
4348
8757
8566
1007
2947
7714
6912
7330
6205
6292
3201
5960
5505
2759
6543
2148
6092
7654
3642
4837
7258
168
5390
9575
7498
1733
2371
614
7652
7305
6789
2861
3451
8971
9087
1698
8303
3102
7485
5736
9260
2808
2366
8932
5537
1928
8936
4930
3223
641
8068
445
9185
7018
4286
4180
3366
8990
3508
1213
5342
6298
9677
8900
9502
339
2509
6533
3671
4845
3844
2990
169
7905
5577
4450
7801
6458
4038
5570
2797
7441
7391
7011
9236
6343
3676
6433
4684
4907
8331
9313
9593
6271
394
2961
3130
3465
9429
5197
9419
2402
1258
8378
6796
5077
276
1279
1440
9836
6378
6908
4951
7938
8416
7901
8907
2666
9663
3159
6663
6075
1849
8763
6513
4531
3397
3897
7511
2615
1319
4336
7029
8841
6151
394
6182
9013
214
4159
6066
2396
4992
4847
8529
1423
4361
1654
7855
2492
4054
464
3801
6270
8533
3343
553
2495
1864
2265
1680
6379
3768
8825
8516
2042
9879
6110
1786
8021
1719
9893
2452
5504
7092
4267
1083
7002
234
5090
169
1742
6041
5019
8560
855
534
758
307
2808
9841
3687
7149
7948
2478
9687
8627
6166
6330
6487
1544
8251
9867
9833
772
4160
8012
8297
9177
4265
2259
3551
2260
6773
2095
9938
337
8749
264
7661
1507
9120
5802
8978
8180
8032
2744
4503
3026
7405
5639
4916
671
3746
3546
1918
1874
6208
4246
4400
2843
2236
1581
6042
548
6290
1426
375
5853
2539
9349
9878
5902
8669
4979
2423
2449
889
1653
2740
1415
3508
5271
1772
8626
7343
2879
8514
3226
177
8064
4129
4502
5864
4818
9270
7539
9760
8429
1889
6605
2369
8649
486
8056
5761
9014
2002
8766
1122
9468
984
4554
1505
2984
9334
6965
9808
7416
3205
3410
2911
7148
5675
4475
5219
5376
37
3850
5709
4884
2689
2459
9763
6135
9046
4858
4785
3716
2865
8328
877
9748
2103
708
7079
9575
2997
2880
5483
2305
7730
2343
5224
8479
3693
5220
2974
6010
2837
384
8976
8151
3057
6238
6779
8524
4791
5370
3938
4475
2180
6092
4551
4876
2533
3163
5045
4966
7395
5643
2379
7157
8367
3404
7154
345
7235
1284
2441
3825
1884
8774
879
2480
9352
2726
6690
5865
3929
8554
4783
7626
8942
1008
124
1638
7792
347
5946
530
175
8007
8615
7193
8005
1819
9784
9652
9084
6434
1289
3507
2929
112
2590
3406
5213
2070
5524
9806
6472
9179
1037
8840
860
4752
8215
7358
3279
5516
2552
6888
5337
1911
3650
3876
159
3686
4474
7532
2942
7037
6781
7495
7265
1276
4697
8830
8417
6718
6424
5721
4822
6139
4057
995
6970
9774
6333
3253
3604
2425
6373
3568
3881
4400
8169
1017
6461
8713
3246
1527
7596
7991
6864
9434
2398
3542
1575
9583
55
9384
8941
6561
9091
6830
2065
9198
7854
2655
6906
385
7353
1221
3928
517
664
3212
3613
2864
3107
3679
2368
9703
3471
4897
8125
6831
9275
4622
8596
3427
8198
6749
3197
4219
3484
9812
4476
7051
2335
8970
3163
3806
1807
2861
4173
6375
4062
6346
8770
9185
9929
8710
6475
6375
7016
9237
3089
4193
8704
5234
9922
3231
4058
3478
2186
603
8023
9709
7032
852
8735
6561
528
4136
515
8562
7896
610
723
1750
2768
2928
5851
9410
3498
9488
273
6822
7203
4246
6722
283
8346
7101
9048
9931
9747
8328
675
3570
8351
4353
9313
7917
450
3367
8181
2339
5859
8453
1340
2478
3469
6954
2466
6993
7379
4648
9980
2698
329
1201
2506
2786
4129
8452
8215
3427
5088
583
8815
9568
9935
7153
3398
8414
3614
7934
8960
131
1306
7934
962
8749
2906
4243
6813
1391
4635
2054
2552
5099
8348
7976
3241
7150
1847
6527
3787
1997
5152
4754
7251
5276
9637
1772
2543
6316
3555
4051
3378
9445
5687
9848
1392
2394
238
3756
9879
9885
1639
6823
8792
3033
8031
3716
1219
1958
3912
6248
6567
7086
4146
6963
4978
6552
683
5686
9111
1133
1700
496
7836
583
8676
3106
9411
8499
6584
846
6912
8090
6647
3902
358
8328
5961
4217
7244
5921
553
585
2404
7307
7483
6291
5299
8724
4869
4839
1710
4551
4644
8746
8185
1142
8987
8208
4357
4924
4304
2720
5373
3065
9335
8477
439
244
6604
6650
590
6466
8441
3190
580
1115
8091
528
3099
2384
7807
687
3629
1744
9135
2360
3445
7901
5716
9215
9341
7752
9860
2319
1617
7833
5211
9339
7971
9006
5852
5055
2119
8219
4249
5244
6109
1454
8166
7070
3050
8458
5108
1973
7117
3616
9090
3628
3930
6975
5031
2537
4527
7388
7308
2837
6605
6122
1572
2746
5903
8752
2557
4093
6531
2752
8567
5409
7495
3890
6250
1990
9734
8646
6165
883
2644
7887
5202
8000
8742
1582
5408
995
3975
3314
527
4730
911
1411
8639
9987
9882
5419
1167
4297
5901
1015
5441
4365
5048
3680
6133
39
725
3040
2803
5880
1223
6425
193
8718
920
3572
4004
4320
3344
1561
118
3216
2224
3837
4498
6083
5251
6262
2108
4314
7479
1867
4981
1628
2445
836
2951
5061
5449
5369
270
934
511
4646
3507
4485
1218
9920
9067
6309
1415
6846
953
4339
897
2224
2140
1211
9182
49
4788
4462
932
8488
8401
9355
1443
8565
6272
83
621
8943
8871
7974
1290
9183
2705
7577
329
12
4865
5330
7195
5799
2899
632
914
641
730
221
8695
1739
5879
5399
580
5807
2
2023
6245
4151
3042
2653
3648
8983
5688
2472
7975
2978
3048
1713
9519
4563
882
9169
5184
9457
7267
5133
5589
7768
8440
801
7834
6051
1387
8881
3063
3471
7393
5483
9181
681
1332
6177
6970
2212
1682
8212
110
427
2657
7936
7592
9017
701
4132
857
6709
214
1123
8540
4869
6434
8476
5711
2240
4819
7596
7595
6806
9408
4503
5584
7565
2532
8837
3231
4704
2198
2972
7775
9054
5022
5161
5111
504
3208
8816
5349
7255
8023
6354
3256
6270
6942
4312
4247
2855
466
4730
7392
4085
617
3303
1019
8153
2351
27
6484
1863
900
6153
4510
7241
3348
9486
9846
1272
3364
5206
9031
6002
2247
339
8782
3053
1246
9313
623
8219
4589
375
4237
7468
5579
3689
8437
1718
4142
6958
8153
3181
2332
3486
6354
1870
1843
6015
2922
7456
4465
2975
9490
5260
5698
1390
1838
277
4520
7965
6906
3037
9404
8265
7273
525
1916
7042
1662
9658
1048
8128
7129
6406
7052
5850
3670
8760
3985
6912
1209
5231
6391
3166
3753
1614
884
8976
1770
4189
1851
8160
7197
6177
51
5115
3777
4066
6212
5829
9954
4801
4353
3264
6408
6337
5846
3084
8207
9848
7720
3077
6292
7608
6755
1674
6646
6237
4511
5659
9640
2939
5271
7472
7806
2888
930
952
6355
1936
2073
9603
2548
8155
6957
6408
878
3126
6758
7415
5768
7800
768
1921
6468
8774
1868
9589
9421
8376
8469
7539
9555
553
6189
7015
9529
6880
5457
3520
5407
4893
6728
6271
7775
8117
528
8136
650
347
796
3519
9479
7095
9891
1839
2170
3349
1004
9032
1019
1341
1530
7978
3467
4533
48
1995
1966
9942
6878
3998
7668
3238
2008
874
1072
4497
4146
8351
8245
3731
8938
9074
7580
4949
8059
2459
661
4349
4844
6179
5875
6425
2500
4066
3363
8750
2803
3241
8069
8533
6169
708
3468
6797
5850
6241
5087
9017
767
7673
9203
2653
787
7287
2402
2455
397
8517
6473
7588
1333
7616
5098
698
8122
1243
737
7942
7510
2321
1694
905
281
9711
7562
8230
5605
782
9099
1818
7372
1644
3582
7171
6976
3222
5638
5212
1663
908
8352
4285
6767
480
7200
8553
5610
2770
8674
4607
5503
7145
1506
8445
5978
8297
2371
1075
9725
4172
6849
9615
9418
4655
216
9688
4033
7926
3721
4900
5604
5525
6278
6602
3969
7408
4138
9801
2511
9009
2620
2835
2108
4491
6315
227
138
5137
1192
8678
851
4563
5486
7490
4058
8737
4866
2111
264
7511
4519
7683
9048
3774
9002
9977
866
4904
4475
8569
4159
2570
8563
716
1552
4013
7507
4927
8340
9988
9550
8896
6733
5042
4049
1041
38
8787
2543
5232
2542
2026
9536
5000
4490
4936
3786
8333
5489
6337
9360
5234
661
2622
4519
8281
5999
4770
5938
45
1230
9939
3771
275
7960
5622
949
4005
9724
7960
9939
2078
2360
9243
6027
2133
3033
3563
6226
6615
226
9173
9437
2003
627
4316
8235
4110
523
5768
5042
5268
2849
2498
4001
2602
8254
9260
7039
8867
3986
9780
8608
7528
6397
7282
2873
1417
6595
2385
5247
2435
8544
9322
9818
2056
501
1768
9648
3644
7387
6838
3482
3956
2918
4671
9229
9862
5242
3425
3878
3772
6524
7358
2629
446
564
1909
5605
3345
1443
6817
7515
8137
520
2606
6724
3526
2679
1944
2101
6486
9612
3395
1480
7148
6298
4652
4609
1726
8052
3010
6175
3170
8506
1475
5911
1185
6693
9372
1492
8591
6162
6302
2201
570
9322
5344
3436
311
7947
5703
7182
3297
1324
7392
4159
3128
5878
5480
4147
5912
7299
3879
5293
8432
642
4345
9631
9045
6695
5538
6833
3307
452
3509
324
3310
1194
909
7825
953
1215
4298
3779
2349
5827
2878
1846
1114
7315
2782
5306
1212
5224
5579
1291
2283
1009
3768
9928
4977
5713
4390
3616
2408
8869
3874
2844
7814
7067
849
1934
4968
7655
3193
4696
3001
99
2943
2605
7763
2499
8516
1729
3913
231
5620
8083
4873
2217
8040
2300
7425
981
2848
5240
6825
682
1370
3479
1952
33
4031
4046
6466
847
338
3557
2030
882
8290
2183
8065
1163
2164
2477
7197
2661
9703
2176
3249
5791
7971
5597
9026
8549
4509
3986
4807
7953
7871
2319
8728
9464
652
7730
8468
4469
5263
3065
9893
2063
6053
3990
3926
5857
4234
6262
8817
370
8043
4163
979
9193
230
6161
2061
8433
5019
7917
6338
6351
8749
4076
3011
5970
3454
8601
510
4433
4008
2727
7398
6637
2283
1185
9737
3981
1670
3169
4314
8246
5169
4436
9910
3707
1340
9535
9233
4491
5668
34
9449
7346
6727
3542
3313
1976
979
7955
2402
5632
5751
4384
6361
5315
6765
4341
6910
9044
6423
8080
6763
1850
3602
8091
1182
4313
4165
9303
4630
3919
9368
6019
8764
3974
3278
52
9909
8740
7871
7761
3001
3714
766
8681
2494
784
8074
4595
6942
6998
2624
188
8067
7588
3271
7599
3743
8636
2360
9000
7810
1676
3325
8483
6264
9732
5619
2387
2036
6713
4431
8169
1173
8662
5078
3048
1083
4921
5596
397
6238
9570
2360
7632
1294
9179
7951
1176
702
5679
6308
1273
6380
8871
9950
1325
389
2283
2417
2762
5165
5686
2558
229
2566
4455
9015
9405
2509
223
6515
8822
3039
1963
2761
8240
9315
5693
7188
7084
1781
4443
1685
6357
404
3157
1789
2301
8711
3753
2659
8799
2503
2834
5232
551
7011
2131
5065
6839
164
8545
8667
479
9163
7486
8234
4417
6110
1710
2009
4695
5095
5332
980
721
4001
6201
9825
9409
2666
6713
694
8755
7564
7715
6318
205
6731
2209
1228
7184
628
348
6920
3235
5776
1205
7193
2917
4923
7371
6191
7001
1743
7963
3704
7171
1853
4510
6550
810
2305
5656
4173
3450
7851
9911
2915
1447
1168
8029
7686
3900
481
4825
4067
4746
8411
7745
4945
2796
9008
6907
4485
5294
522
3693
7012
9600
4011
9146
8351
2220
5659
418
4878
4972
6175
3470
5384
5865
8290
5745
1749
6893
9685
2290
6519
6918
3895
8958
8760
4108
9565
3753
1801
5397
1170
8879
2927
4158
2898
3314
7436
2021
9678
5465
8241
63
9946
9095
8570
4940
2360
9079
4506
3262
5158
7591
5608
8231
7173
94
5705
5053
385
4242
2655
1905
8616
9481
3801
7296
542
1226
2966
4975
8308
9727
7215
4219
4049
6456
6971
4799
387
3819
1747
485
9247
8538
239
3578
3270
4696
6984
2804
7609
2383
1636
5435
2810
6335
1446
465
5294
1274
4398
1134
6113
9530
4953
5431
375
1388
4182
716
3122
905
4665
6565
2495
2169
2657
77
9241
222
4025
5846
4241
162
7366
5925
8091
1780
1409
7713
5010
6506
9505
9113
9421
613
4372
9717
3584
4808
3203
1881
513
6267
9681
6703
7717
5070
2940
641
3678
1368
1223
5071
7248
8551
6893
5951
2163
9028
7340
8594
9979
6469
5706
6616
1400
5552
7144
1881
7797
2940
6492
4433
7019
2143
5332
7973
480
663
8208
3020
8840
768
4035
3641
5282
4433
1864
870
3720
8421
7553
4556
7468
4608
1902
4044
561
3065
5303
2164
7926
1058
2843
737
4875
6789
8052
5104
3219
8919
5470
1500
819
4319
9754
9211
2433
2064
1333
6966
3688
6274
8161
9376
5387
1936
6965
2411
241
1287
7411
7415
5360
6044
5094
7782
7924
3298
8765
8493
6381
6759
7650
4800
2950
6052
3737
3148
4854
2690
1610
8496
1732
8336
8475
1652
2896
3466
5349
2939
9824
5641
4863
1931
1507
8054
6140
4775
9224
1971
1287
9135
3298
2840
585
6928
8623
3360
6425
9334
8198
3816
7557
7550
9677
8915
5683
7023
7568
3442
4885
4457
7948
5826
8669
739
1896
5719
3293
4896
9912
8961
3924
2882
1403
2475
5197
8891
7750
1546
3029
9535
7041
6015
4740
6007
8084
7312
2254
2592
2371
9116
7207
5781
7085
6829
1187
7472
4171
9845
5032
2903
67
1529
9422
9237
9892
4674
6147
7202
3717
6791
9272
6021
413
5350
7416
1932
1085
2661
2655
4584
3465
700
2524
795
1754
8142
5796
4573
1287
7725
4720
7905
6514
125
9468
5511
6592
5503
6115
3409
1164
5052
8874
5579
9843
1185
5368
1735
9413
9254
6387
1509
7190
448
9437
9367
9004
8626
7483
1749
8877
1573
5914
5992
2070
1367
9507
287
5881
1904
5339
5582
6546
9245
3419
8413
1825
6945
951
568
2774
4060
5160
2032
1338
3211
715
6065
688
101
6507
7965
8020
4365
4531
9591
9137
2882
3508
8476
1678
5080
5853
7508
3914
805
4962
7944
7029
1024
7541
2059
7675
6914
8975
4816
6413
3882
4654
8859
652
3441
9599
5780
5397
7373
7561
2181
4713
3827
9276
8943
3436
2475
8890
7693
8207
7651
8117
532
8249
2770
9036
9663
2560
4447
290
1105
5390
9714
3178
5255
8228
4649
7823
8236
5481
72
2111
6540
3243
2781
3230
3201
1748
8597
8623
5200
8024
1281
6609
8761
5764
4121
609
7882
4405
9935
3220
949
7083
6456
6790
4998
649
4020
714
8786
4651
653
2212
8134
5540
1576
7289
5467
9540
5834
7915
3962
5824
5090
3081
4108
3105
4416
9490
4107
4039
9941
3831
5545
6852
1161
9457
6787
5990
8231
2551
7727
7882
9836
548
7370
9069
8475
3221
4187
6831
5142
8341
8570
2020
9258
5125
1993
3374
2682
1893
6232
4530
6607
4746
4709
6821
6667
1282
4378
2119
502
9477
1308
3282
187
6079
5988
4541
5710
5039
4629
1195
5302
7275
8897
1599
5260
3524
7593
6036
7464
3412
3307
6337
6318
3197
1274
5090
5839
549
2402
7193
8842
2068
6329
5665
7033
5288
1832
3179
9137
7451
7663
7643
7263
5037
9227
9332
5848
3109
1561
3142
3688
8342
4654
7089
6169
4970
6963
6990
4804
897
8702
5161
2636
7436
2353
3234
946
3232
4566
9972
1692
4414
6899
12
5749
5664
9074
1281
3970
1942
9241
2729
8987
9260
3504
500
7413
9239
9496
2062
8324
4841
8374
8239
8749
2502
5006
9826
2683
5993
8386
2616
8543
1588
1449
9274
1443
4642
1340
504
5896
5682
3020
2862
1656
5972
6173
3376
3932
1853
5820
1706
3736
2503
1648
6850
6040
8659
1262
3247
657
9247
8597
7977
3556
6625
4186
7399
7810
4229
9056
2771
7899
8991
6165
2641
1821
5512
6582
2777
6328
1629
5894
830
172
6679
8880
6039
9940
4599
3234
2783
3379
8093
9846
6649
7084
5043
9306
5031
1786
8774
5566
9702
2796
3048
3807
4744
6338
9006
5028
527
2076
8485
6918
9027
3353
7767
7804
6876
7744
8146
7459
3210
995
6273
9392
9805
9144
9516
5557
6778
6206
1551
991
7554
6063
6191
8034
7123
2872
4135
9701
933
9570
2706
706
4893
1174
818
3296
9317
7238
2429
7286
3639
1314
2355
8707
6522
3656
4001
5600
6821
3449
8250
4321
525
7494
9364
2964
7161
9732
680
4004
3609
8445
6526
3640
8289
5567
4498
8631
8325
6219
6239
9540
3776
4265
7351
6239
3707
7483
1511
3467
8871
8534
2879
7483
1320
8384
181
7398
1810
7854
6134
9584
6557
8425
3676
5194
4788
8715
418
955
9157
5369
7274
602
7209
8709
545
6260
143
3124
9257
9678
8221
7213
5132
5075
5565
9042
2319
9904
5385
7099
6820
471
85
6655
2982
5350
588
2157
1451
4991
7065
555
4309
3501
1259
2277
274
2610
7838
3921
7255
8686
8597
6456
1363
9343
3292
8601
9628
5746
6395
513
5569
2057
8549
6803
517
554
5726
5194
5671
7985
1673
4265
2612
7665
2904
1631
3815
3287
8767
9708
2066
1464
9843
8134
1874
3628
5291
3639
2058
1987
2528
5704
8596
6552
4986
2251
4951
4456
1760
9720
6884
2644
8249
9270
7012
4332
3843
3698
6439
1661
4786
6340
6978
6687
8447
4105
2214
414
4929
6888
5262
2087
3136
3684
5457
5968
5669
6060
2679
652
6679
9358
1527
9047
2824
9421
3214
573
1122
7542
9785
1593
7199
396
7200
6187
8725
1908
8105
881
37
4537
9527
4872
4457
4796
9507
4565
3813
1043
8662
7783
1019
5787
4981
5427
4813
7931
3862
9025
890
1640
9292
7387
7103
3669
4887
2739
6483
9269
7243
3760
7955
1798
614
2142
9831
6655
4590
8028
9913
8649
6760
78
8879
2002
574
1412
5415
1773
1374
794
8046
9079
9990
8397
5244
2139
7769
787
9908
6768
8081
4543
3800
4902
9827
9220
5172
2839
5596
8158
3340
5834
9111
2240
4880
9213
8508
5100
3095
3475
7324
4710
7894
6448
5713
8875
1807
2217
6897
7691
8886
3802
8119
3145
568
2216
6278
3976
2174
1353
6240
2575
6176
3216
7453
2212
9967
7750
3516
6030
3631
2668
7692
6433
9444
3370
6649
7351
9189
951
7413
2954
5941
7904
9272
9537
7715
5966
1672
2663
2935
4531
2926
1742
7234
4748
8533
4678
8994
3501
8907
4056
8701
866
4059
6217
6110
1685
3701
7197
5567
8926
4786
1222
3939
3286
6634
8272
3944
7915
4496
4001
6078
852
3095
9100
9741
5950
9198
4695
4836
1971
8356
5687
2043
3357
4253
5074
3844
3054
3427
6029
2264
4474
7096
4008
9744
1703
7802
3948
8114
261
733
1078
9004
4906
7978
7848
7771
4959
6476
160
2486
9005
2360
3596
570
9099
9179
582
9033
1559
4428
890
4488
8467
1737
1603
3756
9086
9355
8038
8147
5250
6581
4575
1237
7277
6683
7137
5378
6405
7303
8884
6577
3266
3542
3259
2113
3500
3438
645
2524
7220
4915
6554
5833
9843
6590
536
3169
6374
4091
8684
5604
8438
2013
7236
2424
7785
2358
3292
2415
2041
5203
2628
4256
5543
4312
1221
4925
8478
9489
255
5647
8709
5513
926
334
26
8742
1393
687
6146
3968
9003
2313
8618
3280
8139
1253
6305
834
4328
1141
146
8229
482
2016
2287
2298
290
5531
5368
5611
4690
6885
3836
3037
6894
2924
1086
6901
2397
9042
965
2604
6269
8073
6199
314
5637
2262
6172
9967
8619
7643
5161
9113
5501
479
5031
8910
8047
7727
8452
5861
5318
534
9277
2118
8476
5581
6385
5215
167
9403
8437
5285
176
7541
1960
2408
5817
1972
6661
8027
9359
5401
6992
7047
1723
4722
7535
6415
7892
2176
8854
4669
590
5103
7286
5734
8796
4080
1838
56
5877
956
9799
9215
9206
9875
8937
7959
8519
2622
3092
6074
1066
424
6502
9916
3542
2229
394
3754
8045
9970
7323
7991
549
3767
4695
5072
254
6225
3612
1736
134
6604
2150
8403
5601
7776
7841
1848
5785
9576
7895
5269
9083
2779
3603
165
8600
7369
2192
6566
3686
8083
2011
5906
3632
1807
8665
5438
5180
3864
7705
2294
9010
1356
5940
4462
8274
8099
4315
5765
4388
8546
7968
8469
2074
2054
8908
7769
164
4529
6472
2885
4032
7046
8050
2050
4593
6243
4770
3793
9110
2402
6668
1920
1871
5601
6259
7726
6839
9140
1890
501
3054
6427
2177
5139
115
3541
3832
1578
2899
896
5274
650
7392
4819
8261
1964
3306
3889
9868
2031
3328
521
6654
1985
1877
6048
6598
6473
5795
1181
930
1023
2638
5970
9830
7605
4868
2910
1935
1051
2411
3192
894
8214
7128
6017
4528
7051
7340
4294
4420
2949
9272
9859
7172
2532
9772
192
3262
4066
6943
7359
5782
1717
9965
4251
8012
1421
4989
656
7095
396
1953
8817
9620
136
9627
8439
4857
5859
1519
9547
9133
1500
6761
7980
1751
2778
8798
7297
7832
4676
9647
7868
4107
5051
7409
9176
8249
2877
8005
3106
2061
6683
7199
4024
995
454
239
7035
2905
1332
5334
7402
2547
7396
8226
4282
4956
1984
2499
5233
2623
7691
2823
2419
748
4085
4709
4568
2727
450
190
1980
7853
8413
7485
2449
4301
2736
6984
1296
2539
1762
4392
6500
9341
2245
5321
6710
6825
3126
4220
6264
377
2772
482
4370
3860
4779
3276
6910
5745
5670
4308
2455
1142
3353
9548
4134
9911
5777
9981
2219
5000
1203
2693
861
3299
6323
3078
8502
8763
7998
7742
9600
6229
3926
1603
5081
7930
3114
8588
9521
9460
74
5551
6868
7453
1936
5357
5987
2696
1187
6799
1048
3145
2001
1264
9174
79
9621
1071
7537
1701
4773
8146
7746
7928
4707
6226
7216
1750
4467
6203
6796
7188
460
2758
4926
5652
5824
3407
1362
965
7090
5806
7576
1199
6693
6455
4228
2662
2429
5001
8308
2043
1050
7819
4686
1927
7804
8940
2746
5710
8141
4237
8228
4983
2
3859
2684
9242
6337
3521
4254
6214
9708
6572
4611
8967
570
6547
1234
8252
1998
4554
9321
9465
7895
4753
6138
2640
8071
2999
7847
6884
661
5651
2823
2853
7577
2592
1196
2834
3770
4985
6324
8907
747
2093
2334
4477
3208
5719
1356
1257
7705
4493
3712
3587
4915
8762
7087
5249
7721
44
1170
3338
5674
7369
5553
4056
3748
1758
1389
7977
5351
8400
4481
7012
8229
413
8718
5802
2418
1660
9431
2352
1642
6590
9178
6167
1939
9236
7937
8814
5504
5946
5112
3726
3814
2985
3232
3377
6539
8278
729
1450
4329
3378
5906
9305
11
6700
5357
4501
44
1285
2831
6060
612
8818
1696
9084
8191
9386
2117
4512
3821
2575
2472
9404
3287
755
3197
5244
7181
5341
9262
4139
931
7981
8022
8263
683
9873
6155
5239
3878
3435
8770
4219
3114
9052
3113
4996
1288
4148
5186
7153
6160
6216
7629
1754
906
6501
6018
9256
3502
112
7320
4702
2023
8691
5128
2631
795
3432
8400
8318
3230
6878
633
386
3804
8253
6289
4234
7642
8201
3955
3033
155
2108
7979
4714
352
6267
7357
4182
3854
6899
1736
3765
6114
4067
2195
4422
3923
481
4200
7856
5747
6868
3922
9282
5582
7242
7950
2652
211
1783
1613
5301
6157
4287
4547
9914
712
413
2278
4528
6074
4218
4463
6331
5141
6867
4271
9736
6058
1867
311
7160
4000
6099
7286
3287
8186
8696
9132
3109
8317
4704
3970
2071
5285
6435
7608
1827
9520
2280
3710
3509
8203
9672
1781
1528
2404
7591
4141
8714
2971
8213
6594
8344
1472
4453
1301
57
7001
1259
1728
2016
1281
9169
6210
1369
247
2391
1045
8705
9259
2444
216
3777
8156
6801
8957
4327
4317
5757
882
594
4555
417
138
104
8110
5626
599
832
5134
7551
4826
8260
552
1693
2227
9033
3462
411
1281
13
6546
5435
9455
526
7997
2816
187
4670
5496
6973
5739
1243
377
1133
7461
864
9030
6105
3259
4620
1792
213
3571
1707
7618
1955
3225
6462
4573
9923
865
3906
4476
869
4048
9119
961
9611
2107
5293
5438
5929
5336
8161
1811
3582
7883
9418
4232
1363
2
7356
7152
6660
8221
6332
1864
7747
2908
6041
9591
3724
96
5572
6107
1833
6767
9508
7085
8341
9902
9419
3998
7965
9182
5862
4876
5410
9896
4036
4071
3807
2230
3210
9920
3509
6754
7815
2647
7715
7255
3213
6703
6065
5702
1713
5832
9763
2053
9977
6814
8375
2332
5891
1460
583
3357
9186
7478
2358
1456
6454
7851
8872
1970
5784
1494
6886
5651
2598
5079
8952
6860
9369
1086
6688
2715
7933
2263
7468
30
5113
3357
9919
7221
5696
1474
6338
1749
9336
151
7567
337
289
6259
801
5362
7831
4095
9917
219
8946
4111
9454
4898
7862
1515
2963
4804
4771
7868
5424
6923
9
2328
6343
3097
7932
1650
6274
4310
5155
5136
6315
2446
7511
8614
6571
3110
285
1326
4883
3837
2345
7249
1083
1001
3902
5021
9359
4180
8510
1534
6977
1468
4727
644
327
7960
9916
7703
7430
6181
7821
5607
5063
3809
7796
7007
7386
9248
4944
9852
4519
3445
2984
1586
4577
2760
1245
5341
9194
2911
2291
2093
5799
3621
8159
4847
7719
6867
8286
8610
3193
2581
3896
8702
6016
6738
2186
7273
3204
6895
7634
111
9236
8657
7014
3532
8483
3140
6067
7567
6715
4574
8509
4519
3889
5727
9807
1441
5650
2949
9287
519
961
6333
6659
1938
9549
4281
5570
7838
574
3971
2137
2299
5276
2180
2856
7141
6607
4627
6363
4579
799
719
1894
8619
4071
9376
4812
288
6930
745
1623
254
7607
7115
9149
2903
1998
5076
3982
4201
7570
8228
6992
2744
2436
6210
9242
1709
2871
2666
4834
1023
6585
4707
9719
241
4438
8039
7866
172
9469
5281
908
9829
2348
1882
4691
8160
3030
9952
5142
1530
644
2162
7009
2571
3726
9150
6182
7861
133
3103
7417
4264
5910
600
3668
2899
7396
8908
8464
3959
7210
3810
4732
2288
7320
7163
395
554
1518
1082
8679
2918
7523
3303
378
4423
7698
7147
6514
5288
1856
4
38
6366
7864
6643
3918
1748
8213
1792
764
4121
1488
1183
4319
6834
7429
4721
5251
6563
8755
5628
6343
9051
4423
4498
6740
2607
221
9245
5201
248
2393
3176
2102
7206
3771
8366
4424
676
3245
8647
2340
9726
318
4557
1430
6339
8983
3544
6993
2977
1896
9951
6532
6228
3660
987
1942
3365
9903
1311
1526
8968
6590
515
1728
8312
9081
7113
3062
9063
296
4575
3317
107
3287
6617
8733
9865
3068
401
3623
6677
2251
2223
8351
2441
6643
5873
3545
2784
6423
1058
773
1934
7120
3372
3135
9802
2829
3118
7258
1869
481
7929
2680
7321
6634
6425
2940
7043
2253
2076
297
9501
7687
4849
6716
4367
2164
9286
1668
3207
3568
277
2640
9238
3802
1383
2987
9915
3482
8930
7036
9950
3142
1753
6195
4321
9543
1029
5807
218
2933
6502
530
4346
761
1271
4246
2271
6655
8768
7638
3542
1449
4051
8301
203
5289
3442
3519
5250
3437
3024
3560
3322
5040
346
6359
5934
8653
2395
4823
1134
3479
1450
273
7066
9746
8293
8477
2531
7137
716
3260
4714
1292
3494
8501
9090
3452
5991
9031
6101
7510
556
6780
9908
2941
7208
9306
414
4911
8312
3617
4259
3944
6503
62
9999
3777
1234
456
6996
4965
988
8113
2721
9764
8846
2030
1545
1845
7268
2482
2661
3363
8722
3623
2922
4669
365
4124
2538
8987
8062
7619
8824
7098
9000
770
4788
3431
8501
5313
2217
5534
2035
1136
6521
2442
4059
144
4095
5177
7760
8568
7642
5830
955
896
5222
2880
7140
5329
3412
7109
7918
8008
6902
3368
9288
5622
763
8075
7241
8114
3343
1955
264
7126
1327
7586
7101
479
610
221
29
7360
1226
9493
9977
2994
6142
8104
5548
1908
6291
3171
1901
5107
7616
4026
4233
3153
3154
8436
9380
6019
7936
9646
5225
5687
5565
3829
9568
7635
5778
6660
4719
3190
7080
557
6782
7409
3391
6294
9479
2659
2527
5332
1822
171
54
5157
9509
7300
3352
3948
7325
2173
840
4009
9424
1580
4268
4290
7429
2313
8535
7912
6130
9631
8452
8710
8026
7059
7244
6824
9761
6859
8956
6721
3491
2604
7823
5053
5632
408
4319
2267
4283
1829
9334
2546
2350
3070
1133
5202
3140
9101
8864
7166
4124
4615
9202
2191
1719
1343
7130
2450
56
6528
4187
466
3216
4119
518
6819
3756
9215
8657
7020
7993
6267
3629
4300
296
5905
6359
4956
5926
2041
3683
659
7994
1790
2597
8876
3401
5631
3333
4289
3278
1869
2211
7754
7641
8868
9329
8231
2552
4313
1445
3925
444
1844
9172
7856
986
4901
1894
5813
4983
2173
6524
8014
2844
3528
2471
1426
1522
1642
3418
8124
5882
4367
3742
6124
4056
5874
6659
1428
6576
8128
2404
1612
595
9758
214
6150
2617
4740
7889
8500
3737
7519
9305
1104
5344
4196
4909
4113
6397
7903
6708
910
895
3321
8043
6076
8101
3047
3800
5111
8242
466
9237
6854
9769
4911
7418
3086
3313
6320
8808
6781
3752
4917
4387
8362
5062
2638
780
9859
964
2545
5031
8673
1419
1493
717
7274
1714
4138
8049
9569
940
2778
258
3271
8282
2450
1334
432
6778
1823
800
76
9094
9927
7158
5978
8933
9680
1014
5462
2267
3940
4146
5696
5434
563
5435
8275
4194
143
1371
9174
8270
9238
5840
973
4658
1116
80
2611
1303
347
3081
9141
1744
4954
9579
1492
4335
4739
8340
2034
3123
2586
7302
7000
8631
4561
7836
7718
7015
3059
6238
6634
451
1625
1805
9855
4086
6184
1319
7817
9600
8402
4159
1919
859
5005
3952
480
984
3942
3939
9455
1803
9337
6051
5684
1936
8840
2342
96
3279
2362
5596
8244
4109
6447
8690
118
3148
9724
7406
8151
3419
523
2433
4721
8426
5382
6140
3625
609
7356
6733
3073
9119
6783
4830
1113
5574
6121
7918
5245
3841
1222
4537
7238
2805
5915
7810
4412
6315
3833
7331
1260
6536
5788
6035
1280
6904
1329
7257
6553
2700
8716
9486
5923
5628
2523
9124
7325
1616
7576
4544
7027
1805
2160
4309
2196
5985
5195
1915
2511
7571
1728
7310
6776
25
5473
6536
3331
748
3550
4209
4244
8863
1364
2545
5124
1736
8613
1609
282
6790
484
2795
8738
9289
303
9455
4375
1478
3838
5294
1709
9414
4746
8982
971
1405
2710
5898
155
5986
5793
6577
8065
3367
299
8164
440
9615
9184
460
7371
3585
1632
5720
7086
8932
8572
7486
9721
6017
2161
1852
6909
8256
2500
4830
4117
2382
1573
3719
9025
2715
1454
4296
997
3907
4730
5370
8989
2139
9014
4759
2293
3377
7923
8123
7781
9025
1895
2038
2833
5223
6177
4137
3824
3940
9668
9809
867
5469
4046
8057
8041
5465
1434
4656
2130
7336
4723
3179
4202
3202
8496
7582
7003
7402
9559
3531
332
4376
7048
5092
487
9535
885
3801
6538
7317
471
7057
4238
4921
4502
3520
8092
956
6717
6827
1943
3267
5993
445
4302
8715
7835
9630
6726
8594
7134
6422
4380
6136
9476
6491
8421
8954
7570
8506
4579
7633
8117
4813
6865
7665
8940
9281
8699
4976
9489
6046
684
2731
1588
7065
8383
6603
789
1771
1699
1254
7075
7943
183
4048
2676
8101
5444
8011
5099
9138
3386
8211
2247
4309
5149
1179
3579
6636
9774
8554
931
1750
9105
1087
5738
1649
4548
2411
8108
1818
8164
5798
6807
3325
557
174
4630
2817
4989
838
3837
688
9876
350
2659
2472
484
7278
1916
7203
3023
4153
1997
3144
323
5324
8838
9095
8309
1027
3553
3033
9903
3281
973
7588
1404
8922
3752
4975
6549
762
1647
8935
4717
242
1873
8754
8428
3265
1165
7269
494
904
8794
4011
3800
3662
3001
5233
1336
5534
4507
3961
7285
804
785
6595
9376
5071
1068
1561
3526
6941
653
2260
2505
3061
8427
80
3450
83
667
5044
9862
6283
2538
8998
4486
6962
3787
7741
5921
8518
3639
1014
6255
7685
1650
3913
9457
5278
9377
3357
2196
9603
3743
3553
250
6534
1505
739
5234
2920
1782
1252
4867
9463
4099
1001
8265
1786
2108
2414
1283
3326
5639
5007
3302
9639
6005
4819
1410
4514
622
8172
706
7310
2847
258
2540
8984
8747
7952
5456
3048
2507
3000
6736
2386
6147
6791
3586
649
5647
7670
3169
6963
2073
8870
3963
8735
251
611
528
6686
9328
720
2297
3609
545
7557
6616
3840
8460
9281
3039
4156
6957
8235
819
2639
8271
915
3492
9213
1233
761
8866
2952
5003
3743
5236
3976
6294
3805
8732
8135
7423
8770
3719
1787
703
3126
1840
8589
175
9745
2188
6365
4631
9013
5
3838
8050
1324
464
9336
7119
1315
5453
8566
1853
9345
8606
6802
2320
2639
7546
4655
549
4904
6732
8186
4515
9032
1935
5145
9074
4902
9037
1487
8573
2501
8320
5990
3737
1398
5926
4969
3340
9396
1015
6108
3317
5153
9933
1357
4519
5037
6268
7536
2199
7533
5816
9727
2280
1818
9322
9018
9389
5318
261
2217
2277
3965
9993
9352
1024
2616
3065
922
6713
2576
1314
1153
3888
623
4869
9362
9098
577
625
4036
8633
1501
9288
1040
6684
8593
3709
1918
2075
6908
5580
8021
9134
8798
3831
9351
5159
581
332
1902
1972
5346
823
9622
6218
4663
5839
1656
6949
9960
9919
8811
4693
6225
3583
775
4677
8953
2667
2431
8907
1147
8846
9805
6995
3292
2019
5089
6792
5517
4202
8517
245
8722
2064
3287
678
9665
4821
2020
2754
2052
4968
2115
6988
6769
3328
2908
5215
3056
4674
6205
7913
7901
2995
825
6499
1018
2627
2925
2644
749
4864
1432
5757
1402
8566
5970
4160
295
96
5011
4131
646
9677
6854
6178
6731
2816
226
9964
9110
9873
3735
842
7997
603
2343
5726
1239
6787
9660
7038
1896
9376
2004
7188
3536
6358
5586
8203
7357
8748
4919
2959
9663
2073
7267
8223
6141
4646
9768
8201
2401
2960
3534
875
1128
589
7760
799
6222
244
2921
3507
436
7973
2235
1270
7673
9666
2641
373
7230
2022
2606
362
4954
776
1179
5923
3335
4119
9585
6592
7019
1458
4637
8935
5841
1128
6059
2947
8597
4786
1981
7113
5826
1412
2523
1689
9838
5996
550
6475
2005
9395
971
378
354
3172
5921
352
9409
1836
7463
2102
659
6328
6488
8977
3335
3300
5429
6544
3606
9693
1775
2443
41
5493
4535
3541
8253
9489
6084
7339
3569
3109
4586
7624
487
4258
8581
2669
5206
5707
3537
6761
7323
9878
6454
9497
4923
3546
8354
6538
567
4006
2868
2312
7620
8527
337
4860
8636
2379
2099
9920
5752
123
8533
7549
1741
8864
8489
9076
4718
2759
1337
7899
6155
5014
5120
162
9039
5037
8617
4707
1135
9546
6772
9563
240
2274
3
1959
3921
3720
4032
2827
3607
3617
1008
7199
1345
8904
7756
6059
5056
9277
1819
7807
2668
4969
6156
2606
3407
174
5821
3599
3761
7392
8784
6205
3351
8970
7308
9467
8860
6529
5155
997
8727
8510
4291
2537
4005
7920
8817
134
7281
2558
9650
1857
7726
8965
6894
5271
6118
7397
8552
3746
7899
432
9065
6215
4833
4803
3848
2375
1595
8289
7199
8526
4122
822
9079
4157
677
3618
8601
5486
1357
5686
6318
1203
7741
6926
8478
4385
2075
2037
3348
1462
7977
1408
3097
8294
9445
8076
7704
9201
4072
6441
8539
8992
5358
1123
7735
6904
9886
2737
4594
2500
8796
3065
2389
2213
4114
7861
8473
7906
6324
9462
300
9558
4940
5736
549
2713
7724
784
4712
2600
5913
9399
1414
4916
7146
7325
5845
6617
9190
1574
4499
9337
7442
848
2666
4911
9019
884
4180
1583
9602
9798
2877
4610
6141
8981
4051
9621
574
5021
9180
9101
8024
1993
6586
9396
1651
7472
5066
6788
2016
1856
8715
4750
4962
962
2115
4092
3069
5637
3694
6839
6604
3128
2998
6115
6522
6803
8774
8165
3274
6223
6042
4169
2393
5398
1313
5448
4261
3269
3260
1546
5817
7391
9567
7746
1082
8126
9647
5178
6865
9959
6551
4937
1327
2340
2497
4896
8995
471
2874
4847
8697
6901
3514
5793
5813
4546
2356
9564
9649
6666
9830
9799
2377
2147
1021
9212
3561
5252
5032
8395
7156
3595
1299
3314
9671
1105
2841
52
2900
6416
6453
3790
395
8412
2848
8916
3877
3774
1932
6536
5770
82
5529
198
128
6751
2559
9179
1318
3285
1334
3743
5438
4479
7690
5101
5601
199
6121
4707
1704
2304
6664
3232
213
6040
9404
3965
9299
2105
5334
9787
3319
8496
2625
7074
8066
1100
3185
2919
8545
3661
8733
9615
5082
2709
8351
5916
721
7746
3314
3677
7652
7224
4831
3465
3417
2297
9985
4088
7347
8594
9880
9213
7950
1547
423
6942
1853
616
7035
4500
7013
3201
6162
8042
3570
7049
8150
7503
7689
3488
3243
1552
8791
1657
2134
6095
3665
9159
3656
5769
1115
9097
5572
9950
3781
9520
1664
3534
2286
1409
4062
105
711
8813
6663
4450
1062
6788
9895
6368
4146
2481
6398
3859
5351
8327
421
6292
9413
4328
3277
2694
6959
1266
3385
7916
7629
6211
4261
4049
5384
4615
5217
6279
9425
3138
841
9978
4993
7683
5032
6876
9263
7288
1622
8634
2698
1712
4599
5453
9098
5372
4121
7957
8132
1368
3145
9444
5428
8747
6820
4850
2527
5845
984
9530
7263
119
4434
2212
7486
443
1299
1729
9295
6400
3430
9671
9643
4750
5217
5917
1612
8807
4951
12
494
7259
8147
8056
9992
1396
4549
6246
862
182
4349
3418
6303
2091
1371
2579
7278
2386
7967
8655
4073
2391
8662
1731
7938
3473
9800
677
3530
903
3238
3719
894
972
9036
3
1971
6377
2219
6089
5893
5053
866
9113
2050
11
3368
7551
3379
2637
8638
9225
840
6296
5939
8102
8597
6416
118
6518
1595
3872
2715
9959
6943
630
2524
5331
3055
1367
608
901
166
1878
2761
9020
1525
9548
9680
7926
105
2249
7298
892
2265
4013
2879
4598
5033
933
1406
5554
6258
5700
4493
2021
2337
907
2169
1420
7487
8036
4496
2012
2029
7737
9058
8961
3534
6919
6577
9048
6735
2192
6413
9346
6573
1822
7693
2930
7751
7925
297
2122
9961
5053
4643
4465
7385
739
6682
617
7379
8260
438
2068
7753
5286
8863
4527
4954
3917
1063
8114
4355
2357
8819
4065
9287
5146
5447
514
3213
9239
3669
9561
7739
2373
2050
6975
3094
4592
1576
2794
236
5960
1669
8475
1754
4344
1593
1287
2959
3166
7975
3833
6862
2183
7767
7603
6234
577
5178
2238
5292
6168
7403
8139
4590
876
4329
5379
3235
1888
1433
362
2340
8269
7878
8394
688
343
2310
4943
3552
4159
7555
47
1264
9835
2699
5555
4605
4447
741
2516
9414
9337
7502
4068
8556
3529
3884
878
14
6214
8052
1070
1732
7612
1492
8593
4305
9372
6915
5890
8266
234
8686
1132
8612
7356
6875
4754
8176
8773
773
8788
1146
8916
948
3003
766
3809
9838
7158
6458
1432
4929
7338
6107
6484
8314
3651
8343
4106
1250
5233
7531
4851
4249
9179
651
6369
5455
1200
6654
9130
2702
1240
5440
9264
9924
2816
6664
8489
7826
495
9534
9757
9431
6834
5305
1347
5025
2128
9041
3224
6411
4069
7523
5540
1256
6295
4666
1768
2351
4397
8354
8637
504
7328
8730
3688
1898
6843
6560
5498
6986
9853
6280
754
5698
7774
5419
7415
3874
9303
1343
3326
2159
3429
2718
8632
3717
9899
8007
3628
8149
4896
6137
3428
2140
897
9253
2102
8104
1617
9449
8182
5568
3543
6237
6557
7789
6768
9842
3482
875
7251
7894
3048
3053
5028
6478
7074
4610
97
9971
1999
8835
2931
7348
2089
3716
2852
8614
4801
8521
3317
9310
2256
9854
3161
7757
8615
7191
6160
843
6948
57
4525
2752
897
7002
3089
374
7112
4418
2178
7492
8007
1645
7449
9346
2637
6194
4148
2841
4936
8154
5040
4961
7558
7940
5637
3193
9892
7270
7862
9882
8449
9254
3022
1942
4310
178
6450
5087
627
2477
1502
383
6342
5824
1303
610
2404
3814
5120
2421
3043
3318
5906
8794
5016
9563
5193
2956
1365
9895
481
9841
6555
2296
9042
8752
8623
5507
5036
2458
9743
9061
2214
2459
6651
4657
8618
1734
6637
5026
789
6078
2149
5440
6838
5131
3347
4228
6925
4746
4984
3494
3722
732
1995
1660
3827
4045
6782
2550
1987
6896
8777
2662
2678
3982
1104
3446
2142
359
944
3459
6319
6338
9105
4403
7692
1114
5457
3911
5404
4394
8582
289
7473
6249
5338
1482
463
4991
830
4573
4951
4086
3038
3892
7300
9486
2762
2856
4026
9900
2085
6566
3801
1525
7174
7383
1626
7592
3968
2712
8587
2871
7145
7592
8314
8487
5189
6429
8643
9622
2983
7150
9528
6371
8507
2232
3300
5213
7102
8205
8352
2601
9884
5504
2309
2015
6487
5948
9074
7955
9855
2871
1023
8118
5985
2080
6941
5445
5577
8812
4297
6333
4212
4403
6917
4934
7037
7430
3017
4941
4083
6412
489
5762
4359
5986
2986
1641
5283
6299
2000
9240
7354
687
9766
111
6127
1410
386
6427
5291
7854
9635
8290
3907
2018
8389
5480
8586
7374
4977
9057
2931
4132
3872
3443
2382
5261
3758
9999
9094
5299
162
9278
6812
5057
8978
3524
4637
6806
8807
5627
7043
6590
9650
6228
6777
2199
1854
2340
7596
7505
3055
7909
1321
2942
6309
3221
6815
6323
7728
866
7652
387
7332
9992
7692
356
1477
8850
3039
4865
843
1779
8566
9350
2013
6341
4482
7644
6666
183
3406
1417
2402
1589
2243
2252
7957
3869
8747
5757
6709
8314
9078
7941
7975
6656
9257
9657
8536
6420
721
3004
9300
2731
6662
1276
9343
1970
929
9968
8738
9171
9657
7545
7460
6234
7984
5743
7748
5439
2399
7607
102
7282
8155
2529
2701
624
1375
5356
7083
4824
9107
245
9461
401
2116
9671
4927
967
2909
5986
2940
8779
7018
7538
8656
1532
481
1740
8671
3514
1909
3097
4020
3114
2902
2018
4575
4132
8574
8718
595
5572
2884
3913
63
9411
8083
7058
4118
8313
816
6780
2529
6412
4666
1322
264
617
3872
1168
143
9635
6684
3569
2915
6010
6225
6347
7499
98
5095
794
2393
4191
5391
7368
5894
3104
7474
9245
3448
3422
7621
358
2697
5128
567
7608
8447
1579
1753
3958
260
7405
8574
959
8887
9315
998
4053
3186
1736
9559
4020
3218
22
4387
8338
1020
7297
5428
7159
3143
4626
7720
6720
2013
6326
871
7786
5442
8616
7899
5919
8344
1137
533
4987
5616
4432
8481
6579
2106
3420
6059
1712
3863
3601
7140
2675
741
2228
6588
1149
6151
4594
814
5633
9685
1854
8945
2560
8444
3211
8610
4569
3836
3639
5676
2081
9488
9399
2722
6588
8816
8848
5053
9722
8567
6007
2857
8412
9186
8195
7045
3213
2028
6750
9768
3749
322
4899
5301
3762
5486
5921
8135
8894
4810
1489
7875
223
7924
5059
3187
1341
9506
9999
2333
7302
9540
1092
7066
3677
8996
532
3373
248
6165
5396
2541
7086
3871
1926
1758
4588
4097
8960
1102
2894
713
6158
4912
7077
8132
2634
488
4127
5008
5703
3707
2028
4416
2465
4209
9229
7832
1624
4765
4953
2547
7886
2729
9413
8948
788
6351
5998
3300
8599
7243
546
8897
9438
6589
3381
6180
9989
5545
6362
44
9246
5239
461
1689
512
2670
1405
7717
2529
6755
2473
4195
6148
347
2826
3429
5498
8128
7343
6282
4490
827
6409
8460
3161
3131
4977
5876
827
3049
7843
6078
8402
4908
3300
2646
2267
7723
8435
8118
4946
8281
771
1843
4769
6351
2748
9090
3762
9952
681
1860
8202
80
5554
8419
8830
2001
8528
7380
7692
5529
6889
9480
8912
6395
5792
1239
7046
179
1162
7775
9692
9224
1336
6208
56
4565
3690
6810
383
5887
2114
875
2367
5982
7876
8322
9354
4881
3816
265
9195
1055
426
9417
1391
1291
2931
8374
558
1508
2044
3582
8790
2906
2167
8977
8744
9345
8363
4265
8311
1718
6997
1805
3414
6014
7112
2929
8518
7469
1885
2164
6363
896
8579
8637
8797
1919
4817
8765
1634
5315
6251
8874
3842
8531
2084
9460
3814
8899
9578
8
6518
9551
1953
7477
4057
8621
6002
5377
4178
2
9855
3088
9623
9879
7219
7893
4326
3529
179
6825
4528
9598
2631
2996
5466
8122
7962
4883
3929
7652
9114
9619
7891
1876
5645
6812
8942
1102
4580
176
5916
9440
4586
1631
5459
3162
9251
3963
1312
4191
5133
284
8719
2752
5480
6920
6920
8957
2010
5934
659
1118
1447
6526
887
236
5196
7746
4233
407
8950
3224
8949
3
908
5087
5011
999
7536
2304
8871
3999
3571
9737
2518
8829
900
5139
6395
8725
9892
9985
9092
8645
9516
4797
7992
8060
744
5223
7965
1505
9729
905
5241
1909
1335
8715
1844
392
1909
5920
1421
9705
7063
6660
7547
1709
4008
2057
9335
57
1350
5508
514
8965
4131
303
487
6110
7095
6950
254
2312
4338
7365
4269
2665
4496
608
7494
2184
3295
6002
6815
3971
8563
9387
1582
2856
7250
6282
4052
8687
5887
7908
154
4220
390
6276
7778
1031
8228
5733
3297
4958
5666
9108
5366
9697
2390
4881
7213
3399
4563
7151
6762
5347
8693
6543
401
4744
8721
7630
8860
812
2898
1567
6425
6430
7211
48
2275
8220
2829
6463
3955
7561
2705
1856
8304
9454
4020
1884
465
2368
9069
652
4123
8736
1145
4806
5527
3846
5874
3033
2309
597
6873
2484
2060
4098
2683
8935
2486
2341
2606
8993
569
8099
3195
9201
2642
6836
8238
946
724
6837
7165
6491
1743
2245
7443
7688
5285
2404
4520
8429
2345
9796
4153
3358
687
220
9796
4206
6771
5084
9398
8123
9762
76
82
6024
5541
1944
2164
8691
5607
4927
2309
5472
3432
381
741
9814
6655
4994
3650
81
7821
4177
6647
773
3946
9837
8513
2421
7039
4032
4175
5639
7438
9041
6729
1666
2163
1419
2147
3341
240
5829
2821
7417
7486
8681
9925
306
9478
9982
7551
1776
1434
9317
302
5585
3428
9308
2077
5703
3430
9742
1651
1575
752
6670
8033
4391
3651
9074
7651
5235
2847
308
9841
1991
1355
9229
3287
5265
9911
8207
2942
7057
6481
2398
4204
8121
8738
1144
8237
2854
9341
6443
9910
497
4177
1245
6665
815
647
5534
6654
404
2330
2315
8929
1125
9475
8310
4229
4199
6021
6812
5792
5223
6799
4593
5093
8353
2465
9911
5652
2507
836
4796
5893
6403
397
9343
7814
109
2563
2471
4617
4377
1553
2538
4726
4165
3469
3078
8645
427
6915
4038
6832
2529
651
4687
3698
9583
6152
8311
8350
735
9882
4147
9567
7533
6422
2525
727
132
496
4119
1635
3550
2194
1414
3669
4260
9866
927
4883
9386
1265
5224
5591
6798
7964
3363
5752
5710
5645
8230
3957
4252
4121
3881
4495
7405
2971
7193
7743
944
2350
8513
9931
2796
2402
3282
334
9236
1017
9437
9716
5224
3427
8963
9470
4657
8555
2768
9569
3058
6773
5017
4487
2266
161
7383
9429
8313
6919
6264
1289
2673
3184
3939
7035
2752
5293
2795
4395
4681
3029
6515
4692
6207
8513
8733
824
5157
4411
9837
8850
202
7623
4685
4171
7333
4025
7664
2634
5018
3853
2021
2317
4753
8148
7042
2040
9488
1927
6717
9364
5760
8372
4888
28
257
324
8279
3752
1428
6559
4271
3901
7082
7413
1086
5050
8498
9768
9702
8726
7628
160
9377
828
1008
4198
9939
8059
1470
6693
1336
3229
7693
472
3089
1829
2735
4656
3913
7008
5746
3912
1206
8459
9582
8119
5235
7339
7061
1992
3541
9720
2225
7990
1736
5600
8995
4060
9020
6059
385
220
2281
4735
5222
1041
6208
6609
4324
9256
2315
3841
5854
2693
2980
3715
8954
917
1245
2888
8963
2599
997
9478
3151
1616
1004
9703
8736
7489
2833
8675
5636
7854
6623
5525
1630
6471
3236
8540
1911
8625
3015
7805
9676
9700
3865
9531
5009
8020
6646
8078
2814
6131
7096
7786
9222
2802
1583
3606
36
6504
7872
6834
6422
3640
8205
8000
6070
7454
2084
2482
7680
2705
977
337
9583
3192
9802
3451
7750
1472
4693
715
843
4755
5860
9504
758
8836
6303
8828
4887
9629
8503
5406
752
6181
1382
6036
1495
5865
3461
7554
5935
4163
397
109
5154
6758
8202
6030
3000
8132
5856
8564
1811
7157
5990
1667
7779
8700
7241
7233
1151
3256
7595
8050
4201
5571
9584
3401
1809
3765
1955
1885
8011
7138
4780
6680
4357
5751
4350
3999
634
273
5827
6754
3773
9939
3594
3595
190
9715
8256
2794
8623
6228
6403
2679
6568
2347
5907
9582
7173
4800
4220
9234
6176
3970
552
4673
2376
9310
7310
2027
4350
3242
6599
878
7428
840
4276
4261
1976
5989
3211
2094
5508
9161
3261
1783
734
2101
112
2010
9843
4767
6825
5833
6053
6592
578
9802
9387
8921
1218
880
2404
6228
8444
5381
9628
5525
5250
5727
8070
1646
7606
1184
1589
2125
3725
7015
709
8769
3938
275
9198
5299
2184
9582
6416
765
4824
835
262
4473
4874
3054
4770
2330
9689
9280
717
7880
2154
5209
6850
4384
3939
8197
7160
5641
4243
3928
2866
3562
9093
617
4983
943
1682
7105
4044
8861
8964
8863
700
4414
5465
3596
6772
4551
6414
9258
2435
4445
6298
2829
6615
8728
3424
4814
1360
3987
2421
775
6521
896
7969
6699
5380
4256
8071
3826
648
2584
5235
1855
8915
3290
4509
2436
8918
343
1424
2609
9226
4984
1492
8420
7264
6264
4002
6254
7518
6868
5744
57
6439
8189
2341
9803
6445
8766
8215
2515
6479
2587
8610
9850
9210
4442
3913
3324
4219
988
5895
1016
2562
9812
1549
1536
9403
9548
9434
9116
253
1817
6308
3780
6839
5178
5415
726
949
4705
5991
151
2127
8909
6129
6638
6374
1642
9210
2822
2350
678
2034
6530
972
4728
7495
6627
6640
804
400
6897
9332
9099
2261
4662
6279
4830
3010
4032
9026
3187
2375
9514
4997
5744
8888
3653
3683
4910
5162
7761
337
6612
6765
9575
9782
9778
2808
2111
7683
8788
4086
144
4305
9093
818
3027
6647
1466
358
1544
8632
5178
3795
9163
8303
2519
1532
5227
5839
3841
2944
1729
5642
2639
6559
2720
2334
2686
4879
6501
2021
898
6349
238
9100
2230
5209
5903
4925
5860
7005
2216
4551
3617
9128
5159
2817
7601
1272
7262
8245
7580
6271
3841
5844
2356
4501
1666
2534
8098
693
3961
6587
3857
9522
7733
8829
3556
62
6072
7310
5629
301
9978
6835
727
7177
2025
3510
1400
9902
4733
1413
7616
8256
4441
4627
2508
4393
6743
7728
3543
3369
6827
5167
3044
5628
694
4094
1395
6329
9260
7538
5199
9952
2615
7278
6293
7005
5116
5179
2476
8155
1133
8195
5959
2547
8970
5600
5081
3106
6321
9163
3318
8343
3767
2260
3474
4810
3791
5099
6482
7930
2115
5070
642
7194
6213
7664
5641
7162
8333
5502
9276
1564
5252
5387
2235
8631
9208
497
6657
5093
9013
8288
8
97
4219
6856
6185
354
3804
1482
3214
17
8696
4546
6040
6062
7553
8765
6333
1306
9959
7918
4772
818
9886
1754
3091
8379
24
4842
5602
3293
8441
1389
8916
3826
5062
544
2975
9357
1478
5286
3357
6851
2288
9259
2868
705
9347
6172
1078
442
4163
5351
5134
1094
3516
9190
211
2465
3764
7805
329
8961
5879
9920
1576
7307
5630
2214
1000
7008
5790
6975
9827
4673
4560
7920
8529
626
8885
2386
9032
3852
3763
5159
9129
3090
6254
7821
309
5871
333
509
5593
3672
4956
4396
972
2368
7682
5561
5075
7132
5172
4070
4652
7187
5523
460
6533
5595
660
9584
3579
1378
8773
6477
5198
719
790
8486
1052
7808
1904
5129
6674
5280
1382
6154
9716
164
6948
6161
2944
3324
7310
1899
8680
9693
506
1941
7566
5793
1288
4714
5211
749
6930
4215
4899
8478
9197
252
1577
9196
4508
7267
5228
43
7396
9372
5805
9368
744
6368
8646
4498
6640
254
4067
6874
7797
5505
212
8848
919
5258
6519
7190
9917
5925
8350
7167
1255
1238
966
6696
4584
3747
8816
43
6671
8637
2296
1134
6136
8198
5049
4919
6067
712
4108
6675
147
8025
681
3692
39
2728
8276
9249
747
8037
125
1470
1022
8638
8112
9505
5401
1950
9914
2892
1438
4024
202
9160
3208
9078
2712
2721
208
1600
1123
9205
1816
1674
7019
3230
557
7274
6657
1855
5471
9566
9296
8633
8511
825
112
7498
85
5543
9517
4116
797
1216
5237
6123
7822
1520
484
961
16
5555
9040
9146
6913
920
9654
9347
1618
4882
8948
8127
5293
8059
7420
1871
4727
1568
648
2382
8965
5213
2635
4665
2082
7006
8407
599
6436
896
5408
9036
6789
5695
1838
9916
525
149
1719
7591
1171
764
5879
5203
6594
1390
8823
2738
3795
3365
1395
6253
872
8102
1995
4802
2919
4375
7063
9907
2512
9054
2910
722
9473
9912
1337
9597
6220
7504
1346
4578
9848
3056
1210
8200
9334
7432
8070
692
8182
5668
6804
3070
9500
9154
8164
8687
3699
7035
6997
6149
3085
1812
5078
2117
7854
5156
5729
6682
52
9225
6517
6291
2019
6817
6404
7815
6891
3795
5468
5487
6305
6371
1724
6844
2250
9839
1222
318
1748
2650
5897
9185
507
5196
1492
8036
7978
9093
346
4177
1702
1387
640
8956
9150
512
1051
2682
2750
349
1796
9904
1567
1509
9843
6714
87
8234
9866
8014
3934
5410
4933
7401
3328
7332
5783
6822
5325
8368
9836
7797
3448
1290
3784
4918
5731
2767
7693
1737
8788
8539
7568
1399
854
5993
7617
8997
5353
4778
7948
9743
9226
2331
242
6291
6453
3238
5628
1818
4729
4228
7357
4382
512
3998
6456
276
7725
4925
983
7320
541
8129
9226
5395
7842
3534
6547
7335
9714
6786
1469
547
419
93
8570
1116
1048
7492
8464
2492
7139
5875
7008
4560
1182
3185
887
6855
9537
7341
1272
427
3794
628
9202
1097
3105
4847
8448
2919
6690
8293
2103
7942
2758
6810
3962
418
5427
5339
9228
232
6461
8490
181
4665
1121
4666
4212
4656
2646
9692
7798
2373
5514
1042
6752
9791
890
7473
8011
6200
9044
5544
5802
8845
3771
9065
1801
4372
9223
468
1427
4197
8112
1039
3966
5304
447
4536
9975
8439
635
3792
272
6998
495
9729
2428
1716
57
4171
9528
7954
7328
3028
1188
916
2688
1335
894
2055
2864
9840
5433
2178
8264
3600
4260
4474
7075
1448
9344
6354
7497
9571
5565
5251
5272
8804
8349
4041
6637
85
4314
5052
940
3473
6869
5084
9851
3050
2615
9111
3642
7920
5575
794
8358
8094
8733
6895
5469
7953
4640
8609
4826
3173
456
7756
7463
5936
5643
3884
2985
6852
5418
2778
5526
380
1237
4790
6730
9175
4623
4025
8832
232
2711
9577
3996
4770
6893
7178
70
1454
8572
8683
5445
5705
225
7766
3017
9112
7621
3915
7406
8731
6125
6790
2501
2796
5268
7977
6856
3943
164
6293
3330
614
9776
4594
462
878
3760
2692
9043
8465
3813
1531
8279
6734
7333
9820
155
3471
1772
7617
1554
708
