9281
961
8496
9717
638
5104
6686
9713
5684
5806
4342
4838
6652
3454
6649
6126
7017
8149
2171
8967
8
7487
2539
4829
5814
5111
2504
2680
3129
1558
7547
3948
9949
3066
9908
2424
1518
7767
9780
8851
5673
4663
7005
4166
482
8657
2123
290
8376
9768
3956
967
6686
9651
5352
1793
8421
3667
3903
5527
2600
4005
6583
4126
8259
393
4889
3585
3546
4224
4608
9249
8368
3320
3294
5344
481
8373
4346
7156
2987
2213
4304
3361
7601
6580
7262
298
7714
8115
4003
7850
3864
4253
6251
1667
8079
2879
5907
89
3768
8538
6744
4152
5159
4706
2598
3366
6356
7
1311
48
9320
6746
2540
386
9701
3222
6524
1678
3131
4591
5871
5431
221
6757
5385
4115
7069
1626
7265
7602
2465
4257
3388
4448
5469
151
8201
2894
3981
3895
3941
7706
6803
3955
8530
7117
1713
5864
1965
4857
6354
4228
6957
9177
2667
1312
3930
8402
9321
8482
6296
4730
2742
3709
7582
5062
3358
8091
4917
9549
5020
3630
7696
9235
650
8164
8627
6265
8226
8268
2402
1205
9660
2408
1247
8236
7299
4211
1781
4156
6220
9799
3573
5499
7599
9210
4964
3094
6372
3467
3758
3621
946
2415
9836
2724
6531
7722
8527
4503
2684
7665
175
1053
6080
5091
5069
334
2461
9346
7762
9147
6309
761
3328
5221
56
2197
1636
1439
3199
5533
9893
4759
4509
8780
259
7244
2571
8522
1704
9577
5683
7278
1471
8555
9623
2520
9418
2507
4141
4630
632
7026
5704
4611
7312
184
9086
4614
2667
4334
6085
7087
1303
7151
7771
5416
6543
7300
4832
7824
7762
3938
7641
8185
3463
9031
9289
4773
5598
7536
2779
9128
7297
8569
4901
2866
9054
9898
1467
74
8157
7956
5855
7370
3492
8595
5974
4320
784
4206
5976
2117
7675
6316
6867
6693
9385
7519
1147
8280
895
4313
9016
5131
1554
6956
9789
2733
2249
4904
6361
6644
5832
4758
9666
9805
8083
270
4692
4867
3056
4969
3988
1391
1559
662
1453
981
1701
8207
3481
1535
8751
3187
9179
3844
8940
723
5816
6535
8805
3240
2070
5879
7844
9332
6284
2916
6649
7062
8609
9114
2826
6279
5223
5925
324
7624
3571
892
5502
8808
1032
4042
1423
4826
7893
2645
5579
5822
864
7360
4453
8156
6061
9815
2898
8109
3547
2227
4377
8536
4331
4639
9598
4366
8708
2471
7963
3253
3519
1316
7151
4924
1033
9997
2208
8028
4456
3018
1438
3639
7337
827
6197
1249
4661
4669
217
5407
3026
2215
4077
1344
6514
6965
4476
6392
4443
7056
6117
5421
4681
2325
2303
9548
208
9529
7123
6064
7607
4870
3652
529
788
738
1199
3504
8442
8348
9705
4038
2254
2556
226
1303
7238
5807
8410
4067
5520
5816
3584
7400
6900
6016
8958
5012
8523
6648
1040
5131
7545
4153
7800
8156
8562
3548
555
5775
5766
972
7949
6095
7350
2078
3167
2124
2098
999
2310
4401
1119
3056
543
1790
1285
6252
3628
4771
1780
6187
4980
1794
7307
4574
6493
8100
4755
2070
2741
3690
5251
2634
8300
4548
7867
7489
49
4821
2849
6833
2913
7524
4338
6639
4012
4489
3609
6010
6871
2309
9919
5783
3995
9579
5991
6154
8787
2776
5585
5067
7369
28
8258
8619
9149
8485
4756
5995
3922
3795
6203
8807
1922
4947
3273
7456
7456
668
561
2004
4490
8745
5199
431
3771
9468
8639
8720
8557
1712
8702
7272
9235
7782
9463
2884
9265
5718
7489
5526
9733
7614
2087
3075
6106
1111
3861
9047
6305
8534
8697
8118
2214
3581
576
8623
4829
7826
4847
9681
9846
6035
7437
2209
5093
8931
9572
4140
5483
388
8190
1737
3178
5034
2270
6876
6657
2123
4324
2659
5606
9591
2415
22
3015
583
5057
5653
7205
839
8055
1438
870
7808
5680
3697
176
9877
7981
7175
1539
9720
3564
5917
343
6960
4940
7179
1310
3700
1966
2705
3501
2188
4074
254
3620
7415
9194
4509
3873
3918
6934
4643
2333
6751
866
5370
9354
8573
6699
6779
4142
7149
1120
5886
6026
6498
9678
6054
5643
7877
4343
3505
8873
5350
7936
8682
3733
5426
77
2761
683
3471
3301
7620
2786
8920
3583
3591
6093
9569
7825
2737
7000
5186
8563
6352
1067
8188
4228
7122
7736
3139
8866
5995
9575
3429
5770
6983
8814
2184
1636
3927
8495
3938
6096
670
3847
3499
3100
7106
2914
6087
9961
6074
51
1605
6504
3687
6786
1584
7615
5545
1197
2955
5025
7543
4605
7305
8045
9357
3150
6600
4776
3909
7933
3897
4242
3062
9089
7893
2504
7567
5087
7122
4207
1649
3178
2792
5944
7969
6924
2083
196
7230
4568
6091
2730
5539
8913
8553
6064
6542
5454
3743
3955
6313
1310
6052
8141
6153
7363
3442
4597
8893
9080
47
457
4075
8747
3375
4364
1813
1361
75
2432
1067
6403
7546
9340
1841
1167
8702
4149
535
1828
5962
2113
1344
3166
7893
339
7126
4651
9790
606
3481
7485
1303
8149
4521
5633
8654
6791
5537
4189
4251
5180
5378
1310
2887
9910
3763
6711
6299
4985
8661
9293
4061
7064
3118
7933
9112
909
854
3036
7238
7162
1571
9468
8951
3582
5100
9397
4819
6208
2513
1910
8611
6346
7577
781
6735
34
278
7983
6575
414
8352
4804
1945
4188
3423
4238
5031
6587
6520
7745
5937
2500
6950
7089
3609
5909
2359
9305
4809
4366
1892
90
2472
6750
681
7714
9486
2336
1198
9078
630
2870
6461
6824
8809
6766
7523
4762
158
861
4365
8231
9687
4768
5972
6111
9396
488
7172
825
7675
973
3173
2209
8522
8261
2332
5194
3507
5708
4751
2694
5388
7442
7115
3067
6039
126
8279
6842
8386
7596
9147
3948
0
3660
403
7704
777
4569
8318
8998
5164
373
1402
9657
9696
4251
8302
548
4434
2328
1254
4449
6109
1670
2843
2244
7653
2905
72
9269
2209
329
2439
78
1825
9225
2208
4861
7857
4627
4417
8938
7390
5753
7530
5015
6039
7457
3370
1787
1824
7730
2407
6057
6342
4698
7838
8330
817
8158
51
7872
4497
9048
6789
4834
7934
1324
7831
470
2043
3440
2690
9806
7911
2316
7059
356
4139
7827
6205
195
9534
8284
7445
4478
7922
6381
3736
7127
1386
3878
4044
9699
4576
6544
4440
8341
8963
2696
7081
4715
9626
2900
9744
8383
5039
2600
8146
4025
7638
7482
4190
2989
1953
9855
8338
6213
1603
2310
6912
1553
7587
704
9084
8165
9396
2991
5230
1367
7875
8717
1392
1442
746
1489
569
6634
8540
9062
9438
5321
8234
9710
9488
3903
9687
1054
7745
4721
8206
8227
6738
6653
5784
5528
7127
8921
3816
1579
8987
2048
7370
6779
6150
8921
6090
2747
2243
464
9286
1704
7672
2540
2872
1590
3318
7877
1215
5180
8477
8341
5245
509
3160
9648
1979
4739
5658
5218
4361
1647
2817
6961
74
7389
7950
1455
3560
567
7812
6940
8811
7281
5434
6502
554
4197
3780
4193
2210
9250
7705
8635
3101
645
6803
6861
3618
6501
6941
1351
7089
7025
6102
7639
8886
711
2466
5482
3640
1862
4316
648
7367
1537
9530
7963
5074
6658
9093
7781
958
1464
3008
5110
3941
4182
3859
9429
586
1088
7836
7058
3625
6461
9850
1786
1179
7795
7616
9843
1731
8298
553
347
4934
7057
1268
1564
1115
8840
1787
6959
7408
9160
393
5625
4017
991
3697
4703
6852
3036
4895
2552
4026
7257
7023
906
1686
7743
6783
7279
9042
9250
6050
2659
910
2660
176
6884
2913
2294
8313
1746
9301
876
9650
4464
6067
4224
7769
188
4097
2912
2990
8694
3402
8001
6320
7676
33
362
9877
3372
2056
4508
7917
8158
3109
7733
4714
1356
814
6813
1790
4557
4723
3149
3250
3149
7607
2558
4838
7462
9974
6595
3181
6130
6259
7355
9256
2909
6340
2500
6850
2551
2416
4941
9690
4793
2959
1491
1355
8333
9509
6413
9373
7284
1121
8433
3970
253
4750
3171
69
7475
5524
2415
3398
5460
1326
1786
1899
5753
8477
1805
5015
8314
9963
9239
2140
9782
3459
8457
189
6115
1203
6504
7952
3560
7222
5897
5009
7826
3385
9003
8159
3168
2430
9375
7027
1
1543
4229
3466
1173
9592
5601
9856
7704
1397
1058
7321
1882
6292
4188
6794
6292
2981
3953
6271
9019
4463
9837
8238
5429
6777
4073
2368
9474
3645
1847
5883
587
2212
2139
8238
9229
4991
9016
6523
5602
6648
247
2163
6163
8575
3126
1533
9196
2208
1866
186
8477
3103
8007
5538
1705
5991
8036
4395
5519
3232
382
4058
9550
5175
6733
9670
4152
5949
7565
1301
3965
7429
669
2371
4215
7674
2074
6853
3650
2539
3172
7265
1778
1660
7405
7484
4204
6600
6533
3237
6954
4620
1004
2369
6265
6188
2613
988
1842
3456
7380
3246
4643
565
6221
1047
2434
5636
1322
4031
3917
1182
745
2979
59
3117
2280
7889
7769
9249
5465
7552
9416
4328
4346
9345
6425
8299
6105
8026
5060
1086
5011
194
5158
9925
2621
1212
5439
6357
5050
8568
5278
2501
9319
5772
3875
8024
2309
3148
3908
4723
3218
2592
7990
9828
3830
315
6219
6875
4622
4134
9530
3296
8970
2830
6170
550
7821
134
495
1067
2449
1411
4199
6897
2274
6915
5008
8573
5469
8401
5989
2956
4117
337
7867
2418
2203
5329
6095
2306
4993
8563
1735
915
9037
1981
3530
6489
9601
3324
202
2175
2653
2841
2274
1807
8393
1093
7554
6914
5306
7646
1406
6221
8144
6574
9178
8633
4962
3751
8347
2491
4038
8188
6073
3885
9675
3283
7859
292
3385
8519
8972
2144
8198
3814
302
1276
8062
6060
4025
1109
7774
9181
7000
7347
7157
5514
2771
2463
2803
4896
1526
5849
4977
7710
8137
4465
6767
8388
2131
5109
3233
7262
3529
6787
8673
9261
8022
4330
6271
7902
571
8901
9726
7237
4717
4857
1187
8726
6728
4161
512
5396
7488
8488
6993
3122
7167
487
5676
5837
4508
9674
3929
8915
7875
512
5651
213
8673
7896
7491
8440
6191
4901
4325
2624
6123
7740
2993
3280
3277
8040
1660
7969
4596
7837
9773
5040
9794
5551
2094
7535
8653
433
3393
896
4972
810
9361
4204
9205
974
53
8832
6670
2071
9204
2587
4162
4368
6999
9426
7493
2396
2559
6467
8013
5960
4319
38
738
611
419
3121
5801
9956
9787
5757
1507
3428
7652
5312
8378
8788
4074
2302
7987
2828
1299
2524
8632
7185
877
5425
8552
2667
41
6256
7874
6926
2883
9011
6491
9323
3466
8594
555
6932
3030
6714
2284
3447
1080
734
6716
1686
1048
8705
8321
256
8480
5185
4661
1794
1406
3552
9733
4994
4569
3134
9914
3530
7883
4580
545
8640
8821
9055
5322
5480
1747
1055
9797
4585
240
5185
6105
143
8708
6865
1619
1336
7934
7617
8446
7698
4350
4697
7916
9913
8861
5561
2362
9896
6799
8754
5563
6499
189
8076
2864
1992
3382
2841
8509
7425
5387
75
1553
6220
7447
9589
6285
7703
1515
8578
5595
266
6134
2847
4289
4124
1138
5409
6619
6185
8692
9901
7785
1486
9621
9605
9954
631
4001
9626
7953
5093
9108
1020
2310
4274
3143
1696
2465
9271
9275
4658
8381
8221
3158
5297
365
7342
3786
8739
853
7973
6221
2323
8732
5485
2290
67
6599
7842
9634
5654
3702
1888
624
502
1157
5113
536
14
981
9442
2943
7347
6910
4033
1520
9564
8327
4323
9240
2612
6844
5261
8772
9980
8871
6784
2288
6825
1984
3075
5096
4623
9637
3621
956
6492
7596
2656
4139
5251
6805
3771
7758
1411
5029
8874
5413
4699
3965
2725
1739
2275
8602
7021
8809
8440
3115
644
1630
4373
2825
3710
8030
7905
4345
8320
7710
3288
3076
5027
1968
5671
184
3988
5806
3073
7502
7361
4950
9997
1370
7588
2860
9258
1335
2821
6020
2615
4812
2515
3377
6951
1025
9766
2426
3094
5741
9853
7065
6708
1164
2125
1622
8937
757
6068
2091
4613
1214
5736
938
5753
5693
1633
3002
5236
850
8771
6569
1524
2299
5094
8476
560
1650
5016
4645
418
1562
2712
7331
7649
296
8242
8832
9245
5965
3922
8501
5267
730
1407
1400
9075
1577
7623
1258
9392
6763
7189
2244
6969
3283
5541
4408
6069
3648
1062
7287
5741
1422
1672
3051
8502
8404
3288
5457
7451
2800
3757
9270
6928
270
1302
794
892
3694
9400
8982
4026
3757
5253
3655
4372
467
361
4366
4754
3833
2762
5597
4903
6635
2759
3844
9057
8355
2897
671
8289
2166
3807
6591
3005
7918
5315
6699
1981
4746
3515
2375
4247
2079
3260
1983
6168
8017
8679
8034
8042
8922
702
3617
37
8160
4366
292
7510
7457
1736
2537
796
8729
693
1860
9950
8662
649
6453
5152
3662
2384
8
318
387
1349
2824
3374
776
7676
1039
9676
4862
2628
9366
1463
189
6553
4845
3551
5023
9189
4523
3009
978
1579
5517
1385
1400
2032
7506
7368
2225
2882
4380
6537
694
3299
9650
6810
1542
6917
6733
9781
697
2861
5934
6101
1327
396
9761
2108
5803
2901
128
4472
7861
6998
9340
8808
5831
1439
1974
8743
169
3670
7450
1979
8247
2828
768
6890
6902
8035
2009
8105
2455
4742
2312
8116
5644
9416
57
1003
2271
5397
1565
9323
2754
9908
8676
3696
3959
842
978
102
4943
7990
9611
7026
5411
3954
7854
8498
9628
2870
5205
7768
892
2023
2017
3119
4685
1223
3163
6415
1381
970
6471
4771
2105
8126
9225
8338
4152
7072
2930
6060
7056
1906
3161
4464
5130
5285
2705
1690
1561
1558
1375
9401
191
3797
8431
730
7890
5557
9010
2735
7679
4563
8721
3973
1519
4840
4921
7284
4729
9515
4346
2556
9939
9145
711
8985
8861
7552
7988
9400
8517
1472
4854
9822
9594
7070
4579
8308
9694
8494
448
8594
8061
195
8381
2493
3185
9188
2945
289
363
5421
6961
2045
7211
8819
9461
1046
3085
9446
1869
338
7568
9610
4217
6206
9708
8898
4378
4448
260
6613
7589
6234
9067
5751
4495
9744
764
8218
5799
9673
4606
7698
9036
3096
4511
2808
2610
775
7608
3533
5223
248
6625
109
1026
8450
5977
2174
2784
4287
4809
8497
29
3750
7831
726
2978
1459
4324
9716
281
4866
3646
2195
5732
9869
574
1120
1695
6900
6287
3602
6839
6726
1389
7340
9609
8958
4725
6044
3767
8590
5434
1512
4863
6109
7669
5285
5265
3784
9830
1151
6451
7892
3252
356
6602
4429
4376
1156
7876
4856
479
5883
8000
1206
1657
3303
2360
490
1117
4020
6734
8279
5949
1691
9432
2134
7332
9623
2200
5288
5855
7910
7070
5136
7151
8947
3474
1033
738
5180
4581
3568
8167
8911
8110
9550
3512
3656
4452
4365
2925
4774
2667
5809
4416
8171
1942
1560
923
4467
7097
4753
8956
2588
9000
2569
8813
2863
4055
2709
9829
1327
9751
5937
9438
3165
111
7037
3580
9882
8622
3675
5171
7834
2363
1080
5242
1260
719
8979
7004
1913
109
6271
8083
9827
4612
5579
9910
5541
736
648
9600
1742
4536
1597
5023
6730
6371
1250
8060
4905
7980
1041
5845
3421
9582
1122
225
7920
7326
7552
2144
5076
5704
7915
1217
3480
7854
9611
8553
4532
7127
8038
9145
7973
4074
3428
3297
765
6057
8512
4889
9468
918
2099
3933
9068
425
4661
244
3489
5354
1989
8215
3184
8503
4524
6038
6621
380
1542
8876
6760
2697
3527
7777
9941
1895
7871
9347
6154
7824
9459
1863
8814
2663
2675
4157
3604
3982
2149
3055
3192
9366
5063
9177
5137
9823
5961
9470
9550
7389
6676
385
4514
9635
8128
6771
7391
4322
3991
7172
2553
5314
4090
5664
5894
126
9401
520
5827
366
2434
2638
8230
8487
5683
7394
7633
4350
2640
117
5934
8401
9796
8764
1148
9074
7349
9178
4534
5904
6766
9281
9990
4977
501
7878
5275
9399
3282
5010
422
5440
3642
9183
4955
4037
2154
6026
3951
734
9137
3040
1682
3874
1237
4151
5517
5326
4515
6820
2777
222
5985
9923
3599
3152
2647
3253
7985
7805
2118
8234
1067
7629
9695
493
4759
613
3808
7111
6920
1322
5226
3799
6766
3725
7599
6116
3739
6349
2361
9949
4883
6462
2233
199
9454
3719
5583
1803
1389
8900
8040
6146
8615
903
1973
4053
4179
744
9392
4903
1517
7404
9900
1455
4996
2186
3156
9873
5552
6530
9514
1635
5443
2169
3350
4604
5395
9495
1038
1039
5029
2004
5721
8019
3281
9079
5183
5862
1752
3546
1937
2994
6957
7457
8431
7478
6562
778
5203
7268
563
5709
6251
4859
9386
6405
703
6446
7553
7369
8657
4683
9705
8352
9874
9513
1683
1880
8173
5916
7002
7293
8121
2005
4593
6519
4678
7985
3738
5872
8042
4617
4291
3769
476
9319
5752
862
8633
6876
8376
8737
8309
4383
4889
7253
3288
8604
7583
8917
5794
4681
2604
9286
266
3269
7588
4245
266
2866
1726
2717
2707
1680
9326
4039
391
5936
7876
555
3760
821
3247
1297
7539
8264
8983
3738
7116
7339
3230
6074
402
4821
77
3360
2013
5005
3503
7206
1731
1507
596
5766
5149
5659
6030
6629
5056
849
6862
7352
728
7027
5157
4973
1433
1306
1746
2002
4285
3849
7129
2926
9635
5652
2314
7886
1603
5966
2026
5386
2433
669
8824
2253
225
7480
6147
1880
2234
2354
8682
6266
477
5877
5346
3374
9663
5104
1926
706
3258
1501
2921
7881
4377
7669
6131
9497
3344
8143
5026
9090
8823
1475
4919
58
8203
2903
4748
3953
5159
9866
9767
1931
5167
862
2449
3757
305
8939
8222
6498
4039
1319
2128
931
7748
942
7875
2556
1349
6649
8535
4090
7328
9591
7443
9001
958
5287
5170
6760
356
7973
5547
3391
1733
989
2714
3515
5219
2373
9191
4405
9921
8527
5051
7503
9346
3987
2310
7261
5028
2191
2603
8509
1330
5676
4602
5575
3419
3448
2799
5018
3768
1462
6142
6065
5771
8736
9198
6758
8228
4360
7336
8975
7457
4130
4169
8801
4540
9939
9654
6970
2976
7909
1731
8164
5369
7038
2061
6056
6387
7138
96
1771
9573
4173
636
8458
2384
8985
1731
610
4789
5552
9032
668
4854
3627
1051
7200
1507
5801
1034
3479
3793
5829
2042
5859
9730
7978
695
8733
6675
3142
371
1090
4264
5565
9401
3284
3494
5711
6417
5555
8207
9044
2181
7424
8877
1063
3309
1741
5986
4861
4549
585
6103
6616
7977
3744
2130
4777
8728
4405
8289
2998
3934
1647
5180
7942
6403
9289
4226
7767
3705
5795
9384
5479
5271
4748
3648
4618
6981
8666
4669
8954
2746
1814
8592
9785
4986
7647
7587
5657
1153
8717
6983
2011
7265
5209
5109
534
2243
935
4659
4020
7515
8219
1155
8753
1201
624
1344
3229
96
7512
7795
61
9736
9335
251
2120
3054
5395
2955
8756
1701
8568
6613
4988
8812
7373
8214
62
9638
3113
2375
6046
4006
648
1438
4527
659
9839
8584
4362
6303
4358
5560
3641
921
6921
2274
7929
4957
2989
7479
6847
7979
5903
2318
8946
1606
6166
9940
3828
2410
1281
3590
6982
5137
1748
6054
9087
7897
5724
1461
3215
6810
8593
2452
7342
3008
2972
4066
1890
5098
284
5105
6649
5634
5527
8067
8103
8329
2491
2920
4492
9898
4756
1952
5021
768
8577
8503
9173
867
3186
32
9232
1527
4264
37
9386
3450
4976
5938
8633
2099
8050
8729
2126
6176
6940
1348
9610
3681
7951
758
5406
2803
6968
3317
2054
6641
7431
6574
4430
4468
4893
1023
1912
251
5872
5121
1369
5490
8681
4652
3353
6552
4286
2393
1848
6026
9826
8844
3827
7228
8893
5492
2916
2428
4626
6429
4559
947
7982
2745
6019
8401
1507
4165
7205
7026
6817
1874
304
1819
9979
4119
5000
3298
7404
8853
8516
4575
1469
6027
6814
8587
2747
7202
5575
9401
8106
9484
5624
9442
562
422
7507
5936
8633
4951
5045
121
5187
4821
9209
7951
8540
2007
7249
4773
491
9617
5023
5773
7912
9983
9478
1955
5930
7432
5654
4305
8590
7804
8919
7333
6249
861
1256
9557
6612
9064
4665
2452
3807
8395
9388
6647
6817
8863
46
739
9952
801
8909
8489
4460
9851
1530
579
943
5552
5
1201
9296
740
1531
7383
5901
1876
1702
7678
751
7692
8161
1427
4951
2570
1965
9516
595
2830
5137
7067
7385
4915
4352
7788
8894
430
2872
6398
9330
677
8613
1059
9058
3464
3156
3067
6864
2004
746
4940
7161
2368
9987
2260
2639
7481
3538
1889
7885
2013
9983
8113
415
2938
3815
4380
6387
3742
8488
5470
9004
5303
8347
73
9079
7102
2369
1486
9414
8898
2652
8590
2083
196
9905
5016
4927
2092
5148
1412
6892
983
8512
7316
694
499
643
6119
9648
8775
6679
3121
3515
5275
5936
1857
4021
9914
3180
5537
5111
2051
2474
8986
9361
1393
6029
218
3032
8799
9453
4295
8593
7076
8578
8020
6791
1030
9379
8579
6458
6250
1838
639
2219
9531
5074
6808
4259
8048
995
5013
8911
9611
6300
4840
8508
9526
7955
9301
4470
424
3086
849
9322
2384
4527
6439
6696
7915
5066
2990
535
4601
9079
8861
213
1835
6767
9830
6318
9221
5959
4984
7803
4439
5383
8982
775
3738
9512
7264
3075
78
4108
6033
3163
988
1317
9834
5003
8635
111
6343
2982
8005
4478
4310
532
7439
4627
6672
2758
8125
2982
5248
4465
8102
3045
4882
7000
5545
5664
2958
8403
7801
9915
456
492
3045
5698
9224
518
6932
4826
7683
9110
9615
2002
9798
9961
1073
8449
3336
9110
2839
4506
4949
7095
8859
1567
5061
7943
6434
2834
9457
2970
7152
7940
5180
8089
4021
3817
7486
1740
5403
6154
5825
3298
5299
6138
4850
6100
3246
4920
5926
7095
2328
3847
5563
3294
4965
3361
1632
1477
636
1280
4083
4098
5369
4712
1957
1675
6821
1708
5940
7256
963
1595
3707
6685
8680
1651
1795
2721
6717
8961
4696
1513
6907
2362
642
3304
2377
1886
3124
659
2184
6009
1104
4122
2071
1727
7929
587
4181
3174
9278
1537
8980
8670
6132
733
140
8877
4614
3314
1565
8911
4760
1675
6583
2569
7190
3007
4070
8652
9298
4935
8584
5280
5071
4954
490
9584
4613
6952
3721
1208
8539
3542
9682
3159
2533
8236
6229
9908
3164
3499
7271
9809
9093
3273
1248
9428
7538
9502
4536
4922
6516
5528
3876
4343
2952
3700
3598
1178
242
555
4264
7661
9592
357
371
1217
1993
3424
35
8953
6777
4161
5488
5799
7663
8775
6187
1798
3705
1062
2046
5111
2415
8799
4692
3011
9665
5338
206
8833
4638
5050
9666
2608
9235
9610
216
8736
2901
31
7435
4114
9466
5583
8144
2354
40
8077
6680
4177
7513
1800
7473
9179
8509
9152
5245
793
5665
7360
1551
6655
3218
1202
4315
1726
4495
2880
6563
8053
8558
7450
8896
3673
3627
7932
5645
6832
654
2337
2971
1588
8658
6029
1319
2837
7577
486
4098
82
4364
9422
3070
5541
8479
780
895
8263
1267
6418
7859
7159
1513
8627
5618
62
2903
3799
5552
577
3507
8412
138
3327
4389
9963
7996
7189
9882
1478
4149
4008
8781
6481
3688
9135
4379
3355
5193
2847
7036
7381
5565
4236
4478
5811
74
30
410
1257
9933
3777
4934
3521
6574
5951
9284
9743
1152
8516
2783
3706
8380
9789
2268
3850
8378
5032
4938
6482
5682
9548
8605
2705
3541
6125
2847
5902
8849
8577
9889
7965
6778
8625
1544
371
9074
5260
9906
7736
9851
4636
2203
6677
64
3329
9000
5775
1967
627
7433
5041
5092
3927
5575
385
5171
2229
9979
449
3103
3381
893
2574
8626
4817
6928
9755
8245
1897
4776
3117
5125
7201
6630
1045
7345
1928
2640
211
7125
7072
3934
8221
1144
4847
2873
2850
3049
1158
5199
6845
5280
9457
4632
6470
3742
9628
8050
5246
6401
9245
7530
69
5851
4315
9916
7890
7297
4529
3040
3243
9588
9767
3324
6031
9446
2672
1429
3779
1943
4077
6705
7086
6698
7930
7836
5668
2569
160
7302
7716
3877
7393
3810
7879
9541
3864
2369
6828
4931
4983
5553
8519
8118
1955
7256
5512
6133
8600
7023
1070
8198
4271
3303
2323
2539
443
3371
7920
6478
4247
5321
7137
7227
5324
9366
2194
5957
5444
6489
5581
302
4600
8848
6960
8524
8185
8968
4742
674
2323
9534
3968
3136
6231
9517
9605
4090
1486
5339
9097
493
4448
350
683
9662
8416
1292
2794
2588
5062
9555
688
2110
1441
768
3597
5423
6342
3799
4353
1475
8629
7246
4154
4713
1352
4000
995
5806
9760
8104
4470
104
7391
5088
5853
4250
8164
7298
108
6893
6173
2153
5611
2768
8845
1857
1694
5463
5919
4182
7747
7687
985
7622
1864
7202
6195
5970
8309
4415
296
6987
2828
6958
5084
584
4718
6353
4914
9347
7258
9044
3691
7460
5302
6475
1634
1386
5867
9495
2305
5532
9886
5578
356
6783
9119
9769
3224
8651
8055
2194
8989
5692
6596
9185
9325
8653
7684
8261
7138
5341
548
6572
6924
8703
3995
3525
2319
5388
5567
4809
103
8813
2110
4764
7101
7249
6601
8300
1465
4949
3129
6263
1291
5063
55
7999
863
6116
7149
2981
3701
7605
2356
6964
4983
3314
8653
1653
2787
5593
7449
7835
3084
3246
2091
175
3581
1832
2084
2075
2051
9383
6796
2189
2212
4285
5281
1860
8647
5996
2661
6203
8238
2585
1107
2497
6456
5145
9781
3786
8596
4948
5513
5871
7499
5293
3178
8045
2972
9880
4417
9031
4031
5074
929
4318
808
167
4752
697
8033
6793
3005
6791
2931
1246
9596
498
2138
9593
3718
8436
2050
8298
3479
7103
3870
925
4690
6918
1106
7235
8887
8767
1578
3630
2172
3164
1656
6788
1688
6289
393
9083
5753
1802
1942
8721
2939
6253
5696
2680
5906
3378
6161
5981
6980
5733
1594
3825
448
9883
5477
7833
9591
797
7905
4238
5212
9301
9074
6432
8842
5350
7905
7429
8043
2966
2544
1677
5161
5148
7985
8437
1222
8426
1329
5509
2605
5597
6649
6438
1570
7830
6340
1804
811
2559
9492
4956
3896
7704
3508
3638
7178
9264
3838
555
5473
8732
7937
4014
3188
9917
8664
5299
1898
7040
6611
1164
9467
2396
1632
9614
2652
2635
4861
1011
9009
6100
6617
5483
3474
7588
7780
7456
1639
4346
1258
1957
4588
773
35
3872
7660
2635
3249
1653
9166
1040
9906
3770
5948
8327
5488
1500
6071
3894
986
4543
4402
2826
1546
9373
2115
2454
539
5600
2136
1207
3659
7551
5782
4653
6576
8694
2360
7760
1954
16
9385
3208
1845
7969
6193
2846
9535
5146
2099
6279
1385
7745
3360
6714
7554
1761
9227
662
1757
5205
2095
7648
9516
7958
7381
2354
7988
1294
1750
6794
9139
8310
1939
969
5157
1194
981
3576
3179
9268
2918
5392
3500
5857
9821
5914
4191
9067
7098
4815
9466
1698
6003
6748
7920
1737
3692
3886
587
3839
4858
8240
3396
5305
7140
3074
5805
2390
1557
6360
779
5650
7483
2488
2287
6703
4148
3659
8136
1467
8163
8920
4196
6934
7327
7441
2307
5191
3048
3420
7502
7095
2989
9339
4410
4677
1996
8195
8716
6746
108
1800
7509
738
4036
3815
4214
3514
4461
1217
7589
32
5749
9120
5676
5937
4044
6461
7977
9698
767
614
9342
8137
8857
3683
2661
8143
8077
7609
4706
5952
4942
1389
1358
6362
1411
3457
2898
3511
3226
8792
729
1830
5831
7469
1345
3868
3663
8473
632
5535
217
9017
5979
9493
2458
9372
1880
352
1154
6071
5437
6851
6510
1636
5090
4359
7761
9313
4526
586
3562
4465
6472
1974
9884
7511
2306
1388
2337
8793
4479
9603
6976
9171
5734
5924
5410
1865
3904
2038
1577
2545
2357
7155
3355
3878
5320
4194
2379
6986
6106
4349
3947
46
1972
5752
2545
4004
9608
4946
7066
492
8014
2361
1591
5833
9875
7339
5901
9165
8949
5896
5409
2487
9009
1017
2107
9317
8619
6006
2191
8111
9008
5351
2686
130
5656
6930
7199
9982
3379
1405
2256
8957
4972
1085
4530
9996
5563
7521
4003
7981
8293
3213
8037
209
8940
1459
1036
955
3644
3228
5385
3602
2755
8955
1483
2663
9674
1461
177
2944
139
5918
5786
7543
3640
6451
7515
7923
6486
2111
3753
1097
2003
4210
9817
5794
7314
2477
1189
4196
5893
6244
6338
151
6020
8653
6201
6017
9602
1867
321
4102
7344
1058
7841
2374
7427
493
6568
2489
3944
3112
4468
1532
9474
4288
1598
8545
9137
5688
5348
7197
272
5980
7050
3895
9579
5635
1523
4986
249
1498
8321
4618
1789
9651
3752
944
6368
7443
8367
6820
5908
8700
252
2780
1775
4806
676
1731
7054
7656
6879
3913
6518
3124
3830
1364
4007
3946
2794
1792
8970
1581
2239
2445
4791
9850
9742
9823
535
654
2176
1694
7321
8527
1289
1571
5728
4269
2119
4773
4958
9791
7932
2592
4618
4408
8100
8665
5821
2388
6936
2422
4648
6574
7850
4326
6460
7806
7989
1925
5063
852
1196
6400
5479
5185
6592
7991
1835
2258
5636
9737
1826
8021
6833
9178
3649
9646
7827
383
1750
1077
4002
8147
3717
9754
7045
746
676
6962
5111
7921
6280
194
9710
4106
8595
1531
7113
9432
7815
108
6829
3562
6752
7198
596
6626
9741
8672
676
6814
9979
7606
175
3985
6850
3049
2683
5725
8139
5845
7314
4873
7147
7714
3457
1631
8310
2727
583
2117
2533
8394
2567
1641
4248
439
1394
6518
9158
419
1005
2004
6285
8297
7942
8673
19
5724
7255
5546
8848
1387
1292
1970
2794
1956
6415
9037
3741
8964
8315
7013
8089
8558
4280
1585
5039
8534
9736
6410
1654
6164
6567
7720
4840
5309
8587
8850
9772
4783
1612
2585
5471
5037
3269
1146
7101
597
8846
2292
4024
2356
2777
193
2103
3991
3915
7726
4016
6356
3634
1484
5988
845
3891
2684
4819
3571
7129
7485
3368
7565
9265
8957
7351
5729
1542
3052
5289
3134
4483
4442
9688
7444
2386
9297
3386
6374
5617
849
1394
860
4833
3415
1149
127
6597
4626
1145
585
6326
3529
3467
1361
8923
6459
3091
3819
2841
6373
2448
863
2437
881
1873
9192
1796
8543
8459
4594
9297
8445
7954
6279
6090
2507
2731
5850
7808
7224
9132
6915
1906
4704
6807
953
974
8326
8521
5927
6205
9566
3532
9244
8400
531
8423
3951
1541
1956
8330
8054
6167
6551
1287
7880
5575
7187
5270
6415
3727
7241
6011
5617
7241
5532
8956
7732
4073
919
8217
3469
21
2532
8388
9730
4913
8709
7879
5559
4084
8779
4308
5851
8893
1077
748
5355
3416
8927
5378
3786
3056
2106
2199
8964
3555
7914
2003
2867
1574
690
9877
622
3739
4861
8033
3635
8162
1557
2967
6865
9308
9711
2330
4947
2932
159
6724
6163
4784
3600
4316
5146
5541
4430
413
7915
332
9423
6174
6998
6706
5011
3984
3393
8902
3686
2112
4032
3044
7113
7193
1859
5959
8512
4478
3344
9775
7252
6032
3396
1190
5839
8083
7974
6374
4730
5081
9308
4447
117
3302
8738
5382
5969
158
4297
5727
8937
6045
9246
8047
2691
3119
7670
6407
2456
9187
7028
9952
7068
8139
3079
3391
2778
5807
867
6927
6010
7018
4171
8604
2803
9584
2926
3810
8454
6477
9990
8353
180
7617
837
1207
6785
5348
8498
2719
413
1566
3918
5543
8052
9356
7378
1978
223
5347
2603
161
9291
7369
9717
1918
1873
641
5243
3107
193
3859
7953
5979
9196
8674
9771
9451
7302
1872
6606
7429
7308
8147
6514
4443
3100
8627
552
3447
2205
948
3587
3107
3873
9829
9062
2810
7900
8919
9333
6143
104
5391
2525
6553
3612
7938
6347
9378
9584
7927
4675
8350
8740
5173
2852
1144
855
5273
8817
3246
89
1796
901
9245
272
4846
2105
9367
9612
6960
1551
8382
2539
462
7325
1917
5621
9960
831
5162
2280
1173
3862
4277
6272
5236
4366
8699
6976
7917
1955
2626
101
6087
6054
8308
4490
3280
6281
8766
5833
6979
9765
2623
6376
6293
5811
8278
7848
935
5522
894
4441
3655
965
8915
7933
6623
2973
5035
480
3405
2390
1694
5005
8924
8280
6451
4408
9016
7426
2341
3679
2065
9329
5300
1407
1239
7901
9978
9425
6088
851
6041
2395
1060
8185
6446
5121
7138
374
7866
306
1246
8285
2427
4589
8071
7617
7452
8012
9359
3869
8831
3508
3181
7215
2376
4326
5664
7508
6694
8722
2994
5609
4391
2554
6348
9299
3944
738
1834
1329
7270
8642
9560
2034
2432
3779
6901
711
3336
3621
448
1966
65
2218
2019
2532
9214
3845
5808
2120
9456
9630
3680
9144
7311
5636
3894
9872
8240
8772
3673
6713
6177
8030
6599
189
3948
1146
4782
8596
7424
4953
4171
3072
8274
1028
5544
2172
535
3816
84
99
4929
9714
1872
7640
4962
416
4722
6796
9885
7029
2470
4563
9948
3734
5788
2035
5619
1830
8584
8067
9062
7212
4695
4503
5458
608
870
6283
92
1721
9337
4424
8687
3573
1783
6463
6157
8959
5227
3532
6423
7986
8711
395
2483
9607
3123
4539
5239
3508
6553
8705
5231
2017
1036
7717
5018
7369
2181
4354
9545
8439
6703
8164
7691
8045
5876
6374
1950
9325
5877
6660
6603
5051
1643
1076
8500
4300
2019
5850
7484
6330
1043
6583
5167
632
9192
6670
2537
4066
1444
8787
6777
872
3986
7984
1282
547
2704
4437
3731
6748
2589
5914
7631
9893
2102
180
373
9959
9217
718
5349
6331
6869
3215
7395
120
2996
7058
8853
9206
3837
7884
7880
7090
9882
5730
1065
3658
9794
7953
1596
7582
2118
736
3741
5128
8952
5274
8530
9012
6296
2577
4849
726
3438
446
4003
770
589
1161
7550
5645
5584
4525
2910
4704
8034
540
10
6371
9115
6714
165
1263
9122
7767
4212
6133
9474
2266
1168
7722
8528
9841
2909
1260
3035
7154
3652
9436
1726
294
3069
8632
403
5950
1998
7593
7825
9036
7094
8411
5264
2158
9897
9581
2411
3585
1603
5670
6234
7870
1296
8322
9993
9828
7116
5743
1615
1650
1669
879
6888
573
4645
8821
3645
1533
859
3171
5769
6618
8307
437
5171
2756
2457
6369
9944
3328
8848
9449
5550
7981
3202
3855
8997
4746
8638
575
8833
6255
5978
6174
7367
6214
1522
4690
7513
1075
5936
878
2725
8432
9901
9615
9562
859
3151
7237
7370
747
5799
8287
2802
2219
5329
8907
7371
789
9823
8898
2894
284
4337
9513
639
2133
3070
8957
1233
7767
8856
8868
7391
7970
6723
7118
8079
3586
4293
8138
1595
1401
3204
8086
456
7691
3372
5147
885
2615
7319
6723
1252
7037
7983
2441
4094
387
8975
7428
7789
4193
6003
9602
1890
6930
895
4831
5496
8210
827
3784
6496
1685
7303
1493
7079
6250
9057
2948
8761
7922
8071
8618
448
2133
7616
354
9987
4282
3024
7691
4611
6864
348
7401
5398
3602
6196
3525
6795
8540
9651
2675
1787
3534
227
9566
9734
6490
5361
7843
1330
6027
8667
9866
6122
7384
9154
9757
9314
541
4844
1213
5185
3135
9173
9631
1336
9901
6094
3477
54
5532
6152
220
8270
5396
6830
6913
1905
8049
619
3497
8920
5180
6361
8583
8197
481
1279
8013
4447
6438
4210
6254
3695
8437
7489
8652
4361
595
8229
9832
395
1884
7788
5797
9874
8446
1596
726
553
2240
7851
1265
9921
1347
2293
5
6773
589
1434
855
8622
8080
9030
3616
1322
9898
6525
9833
7906
8178
2552
1309
9820
787
3101
7036
7391
564
8709
9750
8885
553
7459
2206
8587
2945
6332
2348
6144
7484
1878
3772
9161
7374
1209
2314
2854
4172
4475
9976
1921
1763
2819
2375
9688
6541
1444
9133
8245
5257
2613
6209
1880
1683
1969
8069
621
6823
5028
8376
3565
4176
3688
422
6300
8779
2148
2446
9578
787
4182
3219
6088
8732
7828
7122
7733
5084
2518
2045
1500
7198
4102
886
4870
5668
1891
7477
5404
3139
1693
6030
9144
6098
6410
7744
8074
2397
6075
908
4392
8998
9555
7458
1074
9394
121
3147
3855
4847
336
5536
4304
2982
6876
6367
74
2802
5551
631
6888
4670
7041
6438
9093
8151
4074
9989
2322
83
9048
5336
9009
1609
7652
2501
7643
6643
9812
5476
5547
8744
3622
557
2803
6156
1725
6161
9222
43
7670
5272
6845
5443
4020
9722
1957
3116
8364
2923
5319
131
824
3771
5798
5000
6527
2695
5330
4374
8723
3430
2989
74
5083
8143
1048
6483
3635
2936
6425
7913
766
2279
2413
3776
8490
3565
7589
7930
544
4527
8278
6888
157
5416
7920
9851
4758
7803
9629
9030
831
4848
1320
4240
2282
6771
359
5877
8673
5474
9480
5428
6497
7405
9364
8545
1358
2022
6510
2961
5106
7399
3830
4195
5151
6101
9917
9667
223
1197
1724
5832
3306
7394
7082
5918
959
8172
1493
1718
3205
1711
9257
5070
5047
2850
390
2751
6052
9375
8493
2735
1293
6668
3924
3431
1018
7124
9088
6180
6853
692
5653
7476
3749
3648
2121
9103
323
3445
7585
3185
529
4791
9755
3394
8142
8759
9148
2300
5710
7166
3615
848
2704
8988
4538
6638
3470
3650
4900
3834
9084
5313
4865
2513
6057
1780
1320
1399
729
1287
2428
2606
1789
5307
2206
6502
6913
529
5289
2258
7976
6787
470
9687
7077
4805
4772
4760
9109
5483
5632
6672
8545
3750
4101
5216
9925
7241
7336
6361
7439
7748
1571
4422
4737
1009
9058
7396
6781
8036
9724
2940
8361
2642
5858
2296
4842
5178
5436
1252
7008
6560
2289
5246
5655
5756
4060
8038
1206
6990
6576
9671
3193
8928
4819
227
5216
6047
4949
6067
5746
7375
7978
1072
5758
2691
8311
5903
7892
1805
373
4746
1805
6084
9352
879
5459
6325
8767
8981
6948
1020
6189
9791
1459
53
9747
9432
7822
5630
7080
8795
229
9368
5505
9632
8581
1217
9487
2963
7445
8157
145
9401
6617
1830
7866
7108
9576
3940
4768
8890
7279
5967
9119
4726
1186
8187
9612
5705
2943
8878
8080
2262
4725
1577
4517
2436
579
9719
2297
4242
6838
5803
1536
8791
874
6787
3173
9629
2187
2639
9856
3882
861
8189
1515
4261
248
778
8446
394
1604
3782
20
8566
76
7882
4676
5039
7312
5429
6528
9856
1642
526
2052
1475
4430
328
3851
4398
5013
9983
3518
304
9022
4197
1400
6535
61
255
2187
9800
1273
1903
2637
3055
5783
2970
8714
2991
2111
8133
2316
6757
6110
9999
2240
335
6137
39
9831
9920
6927
4047
5380
1620
264
9716
9543
5879
6482
8141
4977
7057
3241
6727
8583
9739
7888
8996
5692
1460
1614
859
2287
6880
7666
6760
4193
9022
1957
1065
397
22
424
2267
2873
7226
6523
1016
2790
6067
3426
2834
6509
3969
3155
5258
3515
9382
1416
2500
2446
7140
4347
8370
8305
6067
1759
8500
3954
3504
5522
521
3922
5416
7743
4955
6633
974
3854
1357
3216
6871
6206
9624
8034
8779
4349
8318
3724
2407
3244
4810
7606
9456
8619
3257
5674
2053
3961
6806
5466
8022
7062
9286
544
2905
8912
1093
6226
8200
8625
2541
5528
59
9284
5574
934
4723
335
9526
1717
3441
4775
1546
259
711
2914
4466
6796
4485
9281
4579
7012
7047
5890
5193
9808
6919
9079
5129
9867
3255
2091
5524
3782
703
9282
7547
171
3044
2323
951
1718
4435
5088
2024
3246
5516
9027
9832
9990
4446
4296
1740
8918
4046
5528
8480
4168
4091
5765
4015
5643
5206
9658
8461
1349
9251
7764
9556
1429
5367
4294
3752
2162
8330
2861
2577
1958
3865
1946
4292
7891
9247
5138
5421
8959
351
6605
9736
5174
801
3378
6080
7278
8308
5307
6511
4776
6627
675
3995
7752
9471
8403
4623
151
544
9577
588
1184
2951
6522
303
2145
1473
6123
6396
67
4237
9502
998
2646
8027
4381
628
1989
8214
6473
3854
3022
6349
7800
5331
3190
7951
6540
8420
843
515
5269
8414
773
6017
8551
2222
4279
3075
3934
5805
2184
8911
6443
539
7124
9676
1348
9724
5089
7774
2633
1936
4071
5723
7565
4835
5150
1190
7112
4193
4933
7702
5552
9552
8967
1088
224
6628
9476
2159
6349
8914
4279
667
1669
4110
9905
7261
8207
3513
6602
6815
3331
3069
7881
3332
4343
5050
8452
3716
7071
3088
5962
9741
872
4482
3359
6891
1571
6036
9451
4719
248
2929
1425
3719
7657
3403
4053
3454
4929
7889
2983
3599
7591
8117
4370
2482
1670
5634
6744
5174
8176
5760
5087
3260
2951
4538
9795
7186
751
3013
5689
2171
4061
1882
6567
401
1643
4162
5675
939
997
4997
8786
9181
105
2363
2150
2754
112
876
5221
5937
9291
4277
6542
4488
7842
8164
768
3118
3608
6866
2703
1916
2200
811
9537
5708
1550
3968
839
7508
9958
5805
4177
3179
6973
5905
3155
588
2388
7040
7074
9874
7792
9751
2879
9784
5339
2079
2559
3479
3394
2557
7330
4130
2293
6870
6981
9293
2825
6442
1204
6143
37
7713
5978
3485
100
3363
7514
1936
5009
180
730
6568
9791
2829
4123
2448
7931
9753
368
9471
1409
7359
4113
7401
8475
46
885
103
8924
3861
7762
5946
5836
930
9836
78
3773
9394
9684
1976
4564
622
8470
3214
1826
762
4339
9464
2746
4532
1361
3072
6073
1732
4734
2678
3599
8576
5010
53
2478
7410
3012
1147
2418
4784
732
8861
2992
4044
8675
8537
69
8391
4906
786
8889
899
5575
7713
5707
1420
7357
4392
2499
4689
9872
4103
6195
7158
6479
5197
4383
9630
9498
7154