5933
9215
3227
4730
8597
739
509
1833
4128
5241
4533
9816
1111
3818
9697
8195
8203
7950
5881
6847
2799
7961
3541
7448
8224
5268
2306
3151
805
4393
6253
3523
2317
196
2812
8316
5040
2404
6939
7908
2913
9584
8635
656
8909
2763
345
3502
1320
3758
5289
269
3931
1278
2959
7971
5674
5779
6505
3329
8433
7358
1027
9735
8988
1010
7499
915
1005
1380
3154
5798
1010
7973
3933
3214
9326
2884
8538
5461
4922
8804
1830
7046
9103
5984
9591
1039
7236
4841
2642
9261
5898
3610
9474
5554
8556
8899
1667
7899
5263
9430
2496
9939
603
9491
9258
5958
7344
9744
8644
2789
7240
1044
8406
9629
5527
3980
632
3004
1418
6460
3678
6164
8738
3893
9899
7400
8498
8379
4658
427
1217
639
197
5492
6307
1890
6443
9612
6725
3633
3694
7491
6196
9853
2021
4854
5203
9845
27
4575
8267
8663
6480
8803
5751
6332
1201
6710
9591
1858
7459
8965
5086
8217
1571
6600
847
2914
3321
3636
7537
1020
6279
7784
2765
6186
9968
8884
1871
5045
2196
8652
8351
82
2160
2554
4158
1393
9740
9975
689
9732
20
4867
6174
4729
2404
7978
8281
5420
4006
2288
6523
6390
7038
7246
2383
8696
6037
9565
6364
2317
4838
4545
9661
8806
613
5004
6056
9017
2442
9453
3174
3346
2947
7804
999
1411
1610
8035
3781
1989
602
6451
1039
9908
2128
1961
3043
4913
170
5462
5356
175
3610
8371
4894
5475
5206
7367
4116
7400
1922
9264
2978
4553
9114
3177
3442
9233
6247
972
7086
8002
5783
4375
1714
8387
3506
9753
6678
8651
1960
1143
8846
6979
4097
2999
9736
4576
2910
5524
6205
4242
3919
6381
67
1337
3473
6485
793
8951
8519
3810
8666
9198
8375
7353
4392
9235
6656
6506
1968
5452
689
5465
5439
778
417
5998
455
6115
3441
8866
6322
723
4766
2843
4082
9401
4307
376
4914
7020
8959
7726
131
8150
2477
9648
8604
6743
8606
500
7919
6403
3555
752
3553
8453
942
9288
920
7474
6029
4678
5510
9653
7487
7942
4431
5531
3270
4990
4927
6279
1592
4947
6493
2963
5333
7288
8301
768
7394
3712
7508
2940
946
9918
7168
4013
9290
5629
8459
5019
9456
7439
990
4280
2215
478
663
4534
5216
3072
3472
3616
5572
1639
4811
8607
4259
589
3120
3653
986
151
80
2317
7169
2569
8706
7568
774
418
6240
7641
6531
9908
6823
4153
3957
2212
747
4854
6625
3767
5551
4321
240
3892
7368
9307
5107
8561
9754
8700
2508
4805
4033
9304
7359
8673
7110
9646
1772
3095
3760
4798
6831
5830
7084
5664
4816
657
4650
2046
9842
8265
7028
7219
4600
5758
2077
3277
5201
9398
2460
2213
663
7540
5133
1725
5875
7518
6794
5283
5101
1100
3082
3529
6
752
7490
4409
6807
1704
4491
4450
3910
7707
8857
4242
7776
6813
4704
1600
6596
3833
4445
2373
634
1547
4134
9291
697
5359
9788
7297
3863
9366
6944
8742
5183
3498
7212
3847
8268
7667
6470
3496
4907
8010
8302
2956
8682
890
3949
9061
2813
5193
8687
1268
6655
709
2895
8459
6618
8198
3712
1448
1915
7194
586
4544
763
115
9059
4277
9600
857
3331
8928
7362
948
7466
2624
3245
1178
609
9806
1409
727
4483
8669
679
5675
2086
4474
603
8753
7228
70
3955
5022
1581
7713
7424
3758
2192
8566
1831
9671
9460
1956
1862
9758
3906
5707
3242
271
5214
5439
7588
3906
38
1187
2710
1916
3864
5087
8029
4585
3674
847
3628
3261
4973
2340
9367
9753
5199
9486
8985
2043
7974
1738
1267
2527
6807
920
1769
6379
1231
332
3539
1789
2481
48
4984
393
5002
5507
9893
7105
536
7246
5996
8613
8327
8600
4785
1566
6340
3489
5071
5727
6453
5545
5931
8299
9920
182
5108
2944
3317
1650
3353
3342
7307
1839
780
4924
7355
8973
4750
9692
9593
1880
1506
728
5742
2653
4200
8207
6135
203
39
7741
5260
7812
5336
6936
4117
6684
472
4819
398
6949
3788
8886
3892
2653
1305
6488
7820
9860
4210
7366
8739
5379
6134
4572
4038
5202
2557
7267
5982
6901
6808
3113
1610
5611
8082
9495
6503
3844
807
670
8500
9930
9293
2643
8092
2620
6835
3088
1348
7712
387
6274
5993
2672
9002
9881
1678
763
2897
8914
4127
3205
8837
3497
140
674
7275
8280
4571
1810
9984
3976
9053
3539
8865
8809
6085
3490
6480
1418
8367
9468
5918
8270
6514
534
7120
8938
6609
8200
7817
5739
946
1892
6543
5295
1093
5795
2503
7418
5344
8554
8516
9538
7727
6410
7220
2453
3806
193
3795
8187
4282
1479
547
4658
7286
566
6983
9606
3553
8337
1671
6371
3993
4244
3029
7160
6995
3570
7715
290
987
9062
6074
9812
952
6380
543
103
3313
4666
5131
6416
4404
9629
1457
9467
1345
1884
8008
526
8812
2897
3864
7006
6883
2145
5544
3482
3381
59
5458
235
2477
3505
7200
5220
5405
735
3706
906
23
6880
6292
8887
3206
5255
1966
4363
2787
3562
5815
5111
5562
7189
1477
8089
5197
9067
2928
8807
835
7061
6722
3253
9208
4895
3938
899
2428
6236
4061
609
8178
7102
503
1932
6604
4977
3800
1628
178
1181
694
9818
4244
346
4673
5288
2027
9110
22
6337
7806
4898
70
2961
157
3038
9678
8310
1316
1066
1935
6550
9500
5205
6932
8460
6685
9545
1485
219
5267
1300
8628
9654
6366
6903
9009
8861
222
8650
8871
3317
6213
7724
2802
3279
7031
7541
1774
3565
5299
5489
311
9111
9245
4143
318
9038
3414
6212
8602
2482
7625
9803
1070
6506
6270
415
6595
3254
4029
816
8087
2665
2195
8618
337
1776
2402
3652
1428
9143
7770
7920
4920
9777
988
9516
409
2222
6584
9971
5446
4010
47
6389
5691
6410
6653
6296
7009
6616
946
8519
9536
4482
7402
7645
6916
626
3806
8542
6635
9762
4783
9458
4711
9705
4882
1293
5517
6753
5
4372
6669
4058
5369
4077
2617
5806
2926
3926
5122
6106
6643
4812
8197
9251
8383
438
2374
3342
2599
9782
8415
8042
3335
5684
9226
589
1677
5986
1528
5360
778
255
6610
6573
1849
5477
9112
3324
5027
1110
7700
9880
3419
528
3118
9971
1261
5460
1321
4443
8918
2174
4153
223
5957
8626
722
9684
4850
2028
4128
6940
2398
9761
5327
6387
8201
1624
7401
2906
1325
9050
8315
1489
2082
8535
4623
2806
2565
9254
9327
6217
4664
7084
6442
8604
6101
6387
616
3223
4755
9427
8473
2999
6981
759
7482
3658
5201
6731
1770
9637
8058
8415
3118
9868
3859
2664
8140
7421
4003
7915
7119
5596
2701
7910
2275
5313
3319
6723
286
1814
1007
4178
8150
1898
576
5316
4507
1322
1053
965
7605
5834
7484
9690
8158
6249
3966
6574
4744
3437
8246
3195
9219
6839
2308
2877
297
9071
8484
2168
338
8478
6444
9956
8629
3880
264
1219
9291
8543
8156
6817
6367
3038
310
1284
8111
3011
9751
6026
1347
6744
1978
6849
3567
7812
4958
1310
9589
7698
5018
5436
2838
8884
626
9127
9390
7527
1060
4278
5984
2746
7282
6201
5280
1428
6827
6180
6529
1024
4765
7286
9319
2458
821
3594
6499
9595
6388
816
8922
8953
1629
1593
3525
2720
3979
7483
2412
1182
1893
584
1950
5473
41
8600
9461
5777
1568
2138
985
8777
4781
8565
2932
7731
6117
380
8063
7031
2627
9794
1139
244
5356
7031
1116
5689
2675
2560
7449
9344
3768
5346
9130
4181
5336
3845
2416
2221
4132
721
8026
4250
9831
144
4172
3064
8660
5793
6603
3598
9419
5380
8555
2099
9444
1706
117
3010
7483
3772
3101
9008
4689
1641
5009
9434
9434
8751
2395
2271
7963
5841
2899
1906
1767
6889
412
5211
2858
8052
7028
6882
5957
3850
9924
8387
6791
7031
4736
3630
3727
9406
4737
359
7619
9018
9560
8189
5135
4738
3629
9909
3398
4331
5635
3578
2481
6649
331
2555
1293
4906
151
9430
6743
6219
3051
839
1717
6621
2642
2403
4014
8765
8544
8557
1103
2539
4286
2749
7328
2223
76
8120
4423
7119
3484
1625
8215
6346
5906
142
6700
2180
2336
8821
9254
5307
3615
1400
5966
8721
6472
8514
2095
1225
5894
4632
5787
7078
2474
9941
2362
7581
5227
9069
4829
2031
5007
9624
2734
1425
2624
5371
714
2500
5703
1833
6428
9722
9302
5796
8923
2885
6783
8607
5751
1561
6024
3197
1224
8851
5838
1136
3871
5964
7779
9118
6953
3266
3991
7223
299
3991
8665
4541
6096
1101
7799
9594
5522
4061
8204
6064
7776
6677
1017
9477
798
6619
3318
3268
6006
1810
8399
3883
5587
1487
1499
4750
4720
6584
4879
3161
5730
2079
5497
4932
4220
2241
2510
4649
3762
6430
7674
7163
647
9773
3360
7194
4946
8302
8320
333
9948
723
1216
8488
5591
4782
8954
4609
9601
3049
4873
8938
9181
5042
334
5696
1179
6085
5256
8556
4108
8668
9505
9576
4136
1235
3235
5813
8126
4304
9803
6418
8263
4546
3213
5007
862
7009
9340
9437
3287
7901
5048
712
1556
8736
7982
5605
9439
7663
6014
8861
3045
9764
6225
1279
1217
1639
4352
4355
1547
3140
6482
5297
3246
8455
674
4635
1828
5326
4834
4170
6744
5819
5268
6207
3620
8792
8020
5399
3253
7630
6373
462
8289
941
3372
8499
8321
1934
3789
9223
2656
4984
7890
146
1418
9751
7466
3100
8061
3347
3776
4112
2829
1844
2117
7226
4495
17
7658
2425
3619
8952
1102
3916
6766
6019
7007
2304
5082
2174
6314
9894
1537
5611
1513
1759
7928
5121
4788
3869
1326
4919
7338
9906
3853
2261
7633
6445
8824
6146
4004
8303
4276
1364
5603
3704
3882
3974
3379
5398
2743
5161
8017
5887
7033
3882
2575
7218
330
357
9298
9373
5228
3788
1098
8699
1614
1196
62
4505
8386
561
3480
8936
8170
8010
5618
172
7
7809
7876
3954
1741
9390
1125
6164
6902
1451
2872
9971
9685
414
6115
8466
6848
4630
3075
487
265
6904
2090
2686
3911
8874
7012
2182
1681
9080
7716
9022
8264
2402
7211
2520
2480
5343
7631
5838
2663
4934
1797
163
8323
90
4820
7972
4446
5013
2088
3539
4935
5130
9907
3102
5719
5190
43
2867
2378
8943
4483
7821
3734
3850
1707
7283
3203
3594
5986
1504
6999
7236
7824
5331
5107
1926
4362
3820
4053
9039
7735
6667
6992
4177
4087
3133
2494
4109
6801
7289
5300
4763
3460
3719
450
3975
6428
4473
8383
7536
4769
852
9027
584
6540
7698
7306
4576
7994
3792
827
6222
8814
3338
1208
7816
829
9557
9762
8574
4788
9093
6792
8696
6203
2235
3776
4104
4880
1131
5498
9889
5437
6516
4270
6882
7639
6407
7636
6388
5826
7918
6114
3008
6462
9077
5949
122
2511
2634
3146
6871
4710
9808
2748
5675
4059
331
4380
4305
3922
3202
9695
6862
8294
937
785
2297
9067
4325
176
4421
1920
3374
2747
6869
2979
3784
2234
7126
6285
3654
1593
2245
7985
8626
5179
5628
3768
8595
2823
7308
2027
3331
2466
2624
8222
9251
4714
5524
8292
3652
1055
8185
2458
8725
4950
1335
7061
5878
2695
275
8097
7254
8019
268
1608
7450
8877
9667
5758
5157
8528
471
1502
2867
2393
8589
908
123
8647
3727
9069
6709
8834
2633
2599
3407
9787
9260
3675
3843
8566
7889
5900
2547
9211
4773
5311
2198
1015
772
374
5046
9765
3134
5123
583
6683
9591
6331
6361
427
6938
7231
8967
1205
1387
8419
5386
7669
8201
7663
9616
5992
1915
6590
639
4571
8955
3655
7620
3277
8710
9107
7874
3353
4023
6943
5699
7509
2015
6724
195
2928
7314
3415
1628
657
6932
1341
7824
6353
9925
4528
2814
3108
757
9053
7850
6544
4484
6012
7728
5935
8711
3084
1717
7831
9357
5614
7181
4443
2720
7876
5653
1476
7467
6688
8678
8499
4962
9982
7639
7613
5831
1266
3351
4181
6292
4765
2595
4969
9093
9155
3025
6002
8996
4260
4217
4229
1697
3797
1300
1317
4159
3381
3632
2048
8875
1337
5641
4069
375
9351
1582
4502
8373
114
104
7444
9732
7536
1538
4591
3019
2212
5350
3565
4851
9651
2480
3207
2470
4448
6801
1164
8681
6321
3453
2450
7634
1303
5305
4954
9124
8525
4594
9742
7573
8523
7629
8881
4156
6773
4497
4160
2259
6709
8297
1947
8031
67
7196
9223
8857
2434
1598
5927
2549
417
5820
2051
6661
7654
9810
8429
2230
6583
5466
4493
7617
5607
5992
6328
2021
3598
9050
5696
9951
2641
8905
1972
8024
1505
4418
7566
4106
6081
6097
6689
6927
8667
7193
7155
2703
5577
2219
6501
6963
6067
1930
5675
1242
3804
4329
2423
4074
868
7202
5258
3383
5902
5975
9908
1512
3847
4027
5156
3235
2243
4323
6148
486
8776
7566
8950
8414
8837
3625
6444
1379
2549
8733
3883
710
3229
730
4219
7175
1995
3492
3237
8879
838
3306
1024
2691
7285
5643
8855
1549
7063
3266
4720
1744
5781
5189
2465
6237
5378
4008
5237
7243
757
3879
834
7168
2092
9197
8282
3117
9807
7980
1239
8750
1085
7268
9647
5470
6541
6259
1129
3193
4770
4894
4315
9283
4012
2138
4929
8040
8264
7982
1796
7986
8254
5994
8122
6958
2472
3855
599
8087
7361
5737
1742
9083
2026
5969
658
8512
5541
6994
9695
9119
2879
2044
2473
5863
9564
1551
3156
9953
4267
241
4852
1825
6183
3253
496
5091
9146
2688
2998
2685
5660
3041
5832
9032
3152
5232
7256
8043
1479
6417
2498
1269
8286
2677
5107
6210
3521
2259
7394
920
699
645
3820
7119
885
9916
2899
8773
5472
5567
9365
2853
3996
7010
3459
9837
6211
3441
2710
4331
4294
5112
8473
7849
7742
3582
3538
3506
8145
4286
1569
6887
5294
2077
1985
5014
9221
8712
8146
3235
2332
8483
2570
5912
7051
9645
7273
1276
9217
5270
9998
80
9548
3062
6626
5587
2171
5970
9376
7302
6378
9392
627
1186
3997
2478
7558
1918
5024
8444
616
7499
5294
9475
1999
5810
2542
2561
797
8097
6309
2262
4288
2874
4287
1489
7338
2231
5451
6398
2843
3250
9335
844
6857
2939
7855
1383
1914
4573
2086
5355
6251
773
4654
2498
4785
73
1063
815
3044
9609
5172
1279
993
4115
5104
7753
6899
2508
5139
5327
6467
8625
5600
7365
8164
4450
2618
9059
7955
1158
647
6224
6010
953
6010
3514
8220
1788
6703
7265
1167
4635
3353
3233
8077
8055
9850
2741
7835
102
4484
9406
9434
6759
8887
7626
5172
7288
4334
335
7455
2004
2860
1885
8962
8948
5269
39
8105
1589
9532
5110
5804
7874
4159
1831
5271
2366
9288
108
4599
9876
1223
7852
6674
1241
6790
9250
2066
8384
8342
931
7454
6368
9809
9163
1775
1468
4271
9128
2785
9810
4635
6246
569
9373
3602
1559
2599
7056
2354
2805
8000
4225
5735
7578
780
5007
5211
7720
2158
6018
7973
9721
3247
8601
7656
9435
8064
4996
55
3803
8094
159
7323
4788
5241
4977
7283
7300
7638
5230
6651
5009
6029
5536
2931
3228
632
2231
8382
6767
6256
6551
6970
6766
1837
4914
2998
1968
1717
4166
3495
7602
7000
8551
4711
7840
6902
946
2337
5803
7724
7910
81
6928
9367
2963
3692
7711
5669
4427
8802
5833
6614
3288
7546
1543
3189
556
2951
326
1978
5314
5582
3472
1735
9048
8008
7478
825
5090
6325
9685
9893
2578
9042
8346
6469
41
7399
8873
1222
5287
6298
7290
5363
7661
987
3712
1004
3167
4650
6346
7995
2010
3824
2409
2328
6609
5192
318
4955
6213
6886
578
8102
9117
5939
4036
4245
9200
5074
3147
3156
4077
9104
6690
9016
8292
8108
4073
8060
4296
6473
7657
439
9978
1690
7882
8753
6632
6018
9859
4849
7081
3918
5008
8401
5719
9187
6246
1721
6951
9466
1803
8092
1503
3190
3917
2906
7134
3393
4035
8501
1119
2257
658
9740
9228
138
8123
7427
8057
5282
7612
3182
5215
8298
6075
159
4095
8289
3296
9105
1861
2351
1109
4829
4670
9565
8936
6788
7772
4975
1619
3239
1982
1358
3729
4823
3260
5268
9173
5580
1063
8819
3664
1669
1854
8621
2877
3204
7114
3758
8810
8844
97
4930
6639
8767
1148
5828
5070
9662
1202
1335
9654
3081
3663
4373
1199
3856
4568
1251
6899
8827
9115
7715
8041
3042
8686
9439
2975
6048
6688
5731
9673
4013
6164
2774
3141
7052
4718
4962
3675
7431
198
9511
4378
9728
9164
583
8006
7481
7421
9020
8636
5863
6859
9983
9729
2381
6889
3597
80
1708
2853
9021
2974
5470
1661
5641
6916
888
1231
4147
9138
9606
7576
9467
8629
9604
3337
8313
3877
8103
1433
5494
8627
7668
7095
3810
7153
6181
3045
759
163
1121
4881
1966
4578
1176
6537
8907
8066
3523
3667
7117
6249
3273
9882
9029
8287
7392
1354
125
9044
8575
9719
1977
275
7358
393
5305
8374
7851
8487
735
7843
471
3984
8016
4724
5609
4888
7452
3067
4429
246
354
4436
4315
9244
5353
7786
8065
5523
9761
4827
2919
1714
1587
1401
2904
1691
7219
783
1231
533
214
5035
2932
9274
5777
9289
1865
4305
2677
2503
3901
7057
4615
8329
9365
7541
5959
8114
5040
7519
308
2328
8725
5907
4923
8756
2396
6614
1820
3917
7668
6669
1836
3895
32
5318
1503
5041
3466
6063
5920
3760
2845
7258
925
5862
7099
3258
2036
5362
5732
9105
5743
3711
224
7886
6309
7024
4350
7021
6893
5251
2484
8759
4834
7232
5221
719
8296
4046
6037
917
4647
8976
1599
6547
9482
1467
4982
9061
1657
9138
4578
6457
8185
8563
926
8125
3671
2146
9008
4479
690
6445
9170
669
1276
4085
2424
3692
640
6379
4961
7989
9325
4814
4458
6766
2111
3676
8403
4842
2041
5289
5363
7754
672
6026
574
6271
6306
7096
7048
6150
5037
1558
227
8201
9805
930
5271
5397
9043
1290
8420
5278
4176
6588
7132
3371
4104
4159
6013
9994
3742
4166
2437
5401
1082
1415
9996
5249
3511
6152
7385
3544
9330
8810
2951
7766
4586
6256
6961
1180
8405
3006
5799
750
6869
85
3577
4084
8894
7202
2166
2147
1082
7053
2408
871
9120
4825
7119
8389
934
21
1885
2890
3904
4875
5947
5366
3636
9365
8784
7848
7197
4832
1589
736
8366
1687
8532
996
7837
5911
6355
6308
3986
5238
2461
2277
6402
2080
8646
9761
9136
8571
246
8383
1120
2909
6846
1993
4137
8211
447
9528
8418
4317
4949
6250
5463
1671
2504
7433
6293
6123
552
5022
3666
5576
8904
8666
2413
3669
8963
1556
718
9023
8712
8626
4586
3206
9615
5457
4841
6538
6858
9626
5463
6826
7890
9668
288
6211
6813
4730
9575
1213
3467
3013
8019
5223
4716
5544
4004
8179
9579
468
9247
8891
8810
9395
5605
6322
1664
2256
2055
7047
2592
9754
9264
926
9559
6840
7686
9235
8378
6202
6855
4232
1980
9505
5555
5699
607
9362
8490
4071
1452
6661
6959
6390
378
6571
8015
8495
4063
3965
4547
4557
2674
2527
8621
3712
3748
7093
5664
7875
7857
4769
9801
3377
3612
5014
6911
9305
3839
9906
5715
2301
3766
7984
5595
5930
2795
2873
547
2987
8825
9191
5172
4412
1654
2298
1557
9452
883
1842
1950
3514
3697
615
6213
6683
6860
3581
2778
5363
9660
8710
4655
4156
8250
2246
790
4690
6932
2690
917
875
6545
2677
9050
8666
9596
5388
1723
1313
3456
7458
8421
1996
7955
2200
8603
3150
1770
8911
9069
9214
95
5184
3326
114
4535
1015
6161
9408
1507
6867
2519
8192
925
1075
6969
1020
1565
7547
7087
1471
1858
1464
1906
2201
289
2659
6200
6050
3642
7639
2919
8021
3621
1702
779
1361
9350
8935
4131
8580
9227
2315
9805
6589
4938
228
1070
6880
5231
7583
1585
4223
1824
7598
7356
8630
3277
1125
9825
1876
4814
111
5765
3867
3947
4498
4571
9222
295
5607
1670
2629
3416
8506
2244
9543
1658
5317
7262
60
1588
9320
818
6059
6054
8696
6196
6023
4346
2148
8083
8224
9110
2254
3765
9115
6549
5937
2641
440
5656
1847
6585
9623
5912
8955
807
3318
5353
7812
6971
7960
3862
9764
287
5494
9292
9706
7813
5251
8302
8548
4876
8146
7524
3445
3519
1161
4740
3129
2993
5721
2675
6822
4404
9740
2734
1195
146
7098
7889
2878
669
6533
5176
123
4362
9346
1966
8270
9822
6842
8124
7390
2138
7108
6971
8438
2099
2467
5436
9645
8577
2223
4819
1250
5285
7039
5359
547
2760
8097
9559
715
7362
5423
7878
8342
2969
7400
9082
4172
9194
6469
3306
6151
7596
5284
4684
7295
2768
4296
9096
7679
1661
8243
4301
8446
1714
3926
4838
7322
3986
1419
5510
1725
7282
7409
28
6714
9229
8629
5468
4698
3384
1264
451
2107
8917
8667
3653
0
2355
8063
7778
8463
9000
1880
9053
9118
1121
9432
6627
9043
2562
1759
186
7775
959
1581
8868
187
5256
7969
8066
4139
8827
4397
4295
396
7792
2194
9529
3046
272
4837
4967
5922
3640
7047
2724
5402
8355
910
5592
9796
2001
6425
2136
1624
1078
2675
1148
7335
9799
3465
4744
4385
9997
3639
9636
4602
7585
8656
1326
8927
9903
3580
8770
7724
6792
4263
4134
3912
8856
3465
1832
4346
2377
8269
2137
2401
2261
2670
9318
5116
1046
2193
3247
6806
93
582
5925
1
7410
8122
7817
9698
9584
6665
9893
8421
7654
4412
4832
6814
8540
7236
8479
6333
1633
398
2008
1727
1501
7234
2341
4914
9338
6209
7881
7710
333
1964
7630
6209
8338
4133
6501
734
5648
2134
4762
5712
8376
3716
4747
7849
7838
2503
6575
3810
3713
6913
5173
9695
8574
4197
8499
175
5780
2903
360
3374
8783
2182
8087
5690
6781
8622
8476
4407
734
7745
685
9498
5636
6296
3350
7785
2487
4492
7075
6834
9633
4071
3997
3419
6790
7935
7634
4140
5633
6325
4953
2745
1774
1387
6928
6194
5628
9057
1068
9215
4027
2168
3075
5967
6228
5674
4058
2278
847
714
7688
1288
5827
3525
3741
4711
8185
4668
8899
8845
988
4335
8773
4408
2792
7939
7724
4248
9367
7156
2156
3429
3424
7859
2807
7465
995
8029
7191
1116
3876
5356
3293
4919
8636
3665
6917
8248
7645
2216
8009
960
158
2222
8227
9691
3394
8666
3175
8288
7949
9810
2911
3691
8558
4259
7864
7967
718
6276
3716
155
7476
7783
4968
5632
1042
3854
5771
9126
1022
9476
6602
7150
9146
1196
3271
1201
9632
3115
4070
2328
4854
8902
3166
4066
2444
9602
6361
4377
5801
8949
7529
1369
8500
7854
3483
2375
7254
2595
8649
9540
2895
4048
7266
8473
3207
5760
4544
7361
988
6663
8335
7603
2205
1387
5300
8574
4616
901
3187
1440
7492
1394
3325
2072
1947
5233
8649
1292
7712
896
3947
7037
4466
4529
9433
806
1636
4692
859
6684
5057
8999
3389
9138
614
9925
9163
7113
2554
4909
7758
6352
9407
7209
2047
1500
722
5194
6525
7973
7110
3252
9649
92
2716
1298
3137
7675
1953
4494
6937
9923
42
6503
6382
8493
8005
4187
1457
2021
6069
1536
8738
2803
3137
7594
7629
7257
2482
7933
83
6442
8166
2885
9573
1805
9350
3296
6422
9316
6788
1488
5159
8059
7971
7834
6309
2904
826
3553
3495
6535
3736
4504
1904
5574
4514
6846
6954
5121
3669
5880
5193
4020
4410
495
1757
7156
6929
4577
9143
4708
7765
2141
5232
4581
6376
678
4831
5303
1285
4724
6430
8928
4437
3547
2705
3662
981
3998
7290
2503
6342
1300
5647
908
6294
1139
3648
7476
6077
9152
5975
6248
4410
8786
8770
1595
9271
7323
9198
3836
2015
1650
3836
8944
9449
6264
9582
862
7790
8094
6175
2931
7286
6639
8365
6464
6494
4324
8286
5236
7029
7354
9226
2132
8749
181
4518
5651
4777
1110
4390
3657
4800
3454
488
4691
7464
6702
1458
29
1556
2785
9686
7982
2977
3043
8961
7770
420
2305
5100
4947
9036
3961
6806
4660
2424
1704
195
9267
1746
3931
6085
6679
3704
2518
8130
3832
6151
3673
8999
9792
2865
8256
3680
4243
7668
1243
9154
5705
1219
6747
5230
2472
6009
9443
4620
839
6647
5828
2267
5760
6506
2190
8283
7625
6700
3006
4278
459
4913
5129
1619
6747
3306
5308
2081
780
281
2563
6991
1180
2549
4490
8048
4998
8701
3613
670
4261
7897
7291
7184
322
1406
3238
3285
674
9973
6054
7542
4662
6965
8695
791
6090
5128
8482
9165
701
7361
3840
558
4084
8837
1087
3211
2016
4142
3284
8923
3087
2336
17
2561
7622
7945
1296
5340
67
2022
1406
807
4226
5020
2328
4214
3853
3698
1957
9869
218
4447
9969
6899
4057
6733
3099
1485
318
27
1269
6532
6688
7131
4455
2326
6948
6134
3169
8145
3832
3142
9098
8678
5954
3032
6331
9064
6508
6872
9358
8317
2185
3414
8704
8640
2366
3117
8504
889
4845
9810
5022
40
753
4874
4119
7094
565
2
7266
7719
528
3812
6037
7076
5349
1290
945
1024
401
4035
4977
3445
669
2951
4346
3273
8426
5814
9959
3831
7629
2280
3299
4021
8119
9057
7925
1079
8913
9237
8498
6505
9606
1638
7788
8372
7377
1628
3291
1075
2171
7480
487
809
4833
1576
9371
7801
527
845
8668
4750
43
3435
89
8248
512
2016
8956
6291
3365
9866
2110
1163
5537
8471
3839
9030
5162
5974
5895
6798
2523
8883
1659
149
1792
2489
9188
6543
9686
123
551
8067
568
3747
6462
6171
1548
9540
7859
5361
2671
7000
7710
2305
5369
9323
5272
6362
7736
340
2638
4553
4950
1870
2227
1159
1775
9940
6455
8023
2828
2412
6604
3242
9314
4042
595
1789
2008
7668
7482
5622
8114
534
4126
5523
1173
9354
4779
2468
7217
2825
8806
9346
7485
5998
3117
8698
1520
5303
4395
1607
3084
9836
2532
258
395
4467
2990
1326
8728
3482
4353
68
2858
7016
6438
4415
7743
6703
9986
2420
5160
3987
806
2
3606
7258
5757
3316
925
1896
269
6705
3272
5874
2537
8278
8001
3867
5127
6705
6364
3453
3739
3734
8472
8737
6487
468
9559
8702
954
4816
5316
1974
6447
9097
9030
2530
6652
3137
8710
9673
401
6832
3213
7647
6796
6984
4478
8159
6413
3876
1576
3280
6056
1707
247
7071
1529
4868
770
5288
3757
2222
941
5453
1388
1297
9427
3439
9248
5471
7214
1989
7994
6690
3051
6907
521
824
1941
9502
5989
1399
2289
7078
3240
2035
5918
4739
8850
1958
1001
1784
2366
3422
5916
8178
5891
7760
6259
5499
7557
1039
8911
942
6662
9586
5286
9366
8656
3339
6550
704
2926
1267
9298
2357
9933
3863
2212
9352
5379
4688
4588
7289
4469
5430
9623
4572
774
4872
1016
2761
4565
6442
1945
4950
2488
1346
415
3654
6749
6552
6082
5510
5408
296
8857
1099
4123
3558
8245
2027
5547
6906
120
2869
6450
1621
6472
1232
9963
714
8591
3783
2323
3789
6139
6484
9322
4348
9869
8586
3447
8558
2603
8827
8605
9078
1881
4173
6572
8524
448
7215
6627
8988
7213
7659
6322
9076
8499
866
4874
9183
3691
6034
7960
2298
3186
1619
4156
2373
1776
9775
3689
9658
8579
6988
4302
1292
4264
7372
9740
2298
4659
1439
266
1376
7156
3335
6575
8479
162
245
5848
9003
3712
4263
4867
6568
866
6306
5891
262
16
4199
6747
672
3526
6969
408
225
3356
5029
4812
1127
1125
2575
4524
2251
5768
6584
5142
9851
5044
5677
2210
1531
3927
4686
5945
4316
2120
7733
426
7957
1481
9478
2281
460
4691
9594
7849
186
2926
6349
5122
5133
5433
4720
7877
1136
9739
2615
800
4282
1163
6039
5217
4339
1988
5216
6744
8840
1023
6092
8104
5623
4603
6854
9646
1647
293
4063
7560
6174
8734
4955
6925
8694
554
7077
6097
9206
6809
4809
4576
9505
6933
6143
6794
5441
4260
7942
8472
9475
2849
9009
9163
6834
8245
9499
530
8578
5074
6229
842
5676
5055
4625
5548
6207
9114
6523
3785
4910
9118
7537
2031
6213
1515
8599
8689
8459
60
4204
7387
2351
5591
8084
3324
9724
5792
91
448
1054
6547
7518
4132
579
3966
8900
4449
2307
594
586
6327
7736
4157
3561
357
5312
6978
2949
5318
9646
810
2070
8518
869
8842
8491
84
6971
1301
5823
415
9023
6074
2730
8363
1599
3405
1451
2246
2615
4149
6381
7865
9473
7877
9650
8194
2029
7726
8012
2746
2842
4772
802
244
4477
8999
3263
1737
5475
8815
7477
1006
4771
171
7303
1662
1426
5197
8757
1907
5527
703
2702
5497
4428
4205
9044
2991
9192
296
8055
9245
3288
3077
7573
4250
5272
2486
3886
2599
141
9713
6771
3799
6671
5375
3094
9302
574
7988
6767
6832
8968
6105
7219
2139
2069
5305
5815
271
9955
271
2545
5179
760
8232
7717
1694
2597
3053
6389
8940
1311
6157
1765
5813
3932
8903
8825
9053
1110
9742
2417
1203
3528
1222
276
7183
5857
5434
2180
9967
6670
3614
2644
9870
7168
1591
3039
8438
7657
1400
6704
7520
1598
7827
5521
2811
4340
1405
8207
3166
6479
6761
9161
212
7854
1341
1650
9537
7956
534
5836
7163
872
6422
2269
7696
3512
1894
8645
2340
5863
386
1396
9710
3037
4896
9605
5700
5701
7464
2843
4451
7227
9014
3487
9908
4453
2432
2015
5826
9941
3501
481
7123
5563
9541
6648
5176
5558
7824
9298
2445
2760
5866
7302
6092
5365
9450
7175
2957
1736
5949
3835
491
7690
1384
9936
1858
2934
2360
3242
1080
9879
2818
2399
2361
9905
4272
4147
3496
8247
4428
142
7877
8166
397
1690
1360
1711
7394
4543
5003
5256
9057
4090
3991
9666
9989
9432
4179
9604
4790
2241
3197
4581
8217
2566
9942
3467
4941
6187
1092
5303
3678
4710
7307
5807
5958
2325
7292
9693
8575
147
5540
7817
8239
5823
821
8728
8407
2695
9915
4840
9967
3891
3457
2187
6945
3295
9948
7831
1748
7893
6769
1206
3450
9700
1578
4347
6782
8184
3707
7664
2139
4485
1028
4642
6700
5380
6342
2393
1745
1214
5059
2245
6272
6252
5335
9787
1252
5120
8862
2663
2376
9461
7944
682
3377
4333
4366
8538
4245
6473
1945
223
8987
2251
2700
5481
2862
8815
5486
1564
6952
7555
6086
534
2833
4524
4934
7198
4365
1791
3095
1662
9321
1044
5287
2678
6541
346
1265
2367
1014
7803
8147
5272
9268
4835
3258
4021
3552
9853
6924
2436
9633
7297
5710
4821
3374
7410
7849
8853
9398
7168
4173
2454
3377
283
901
7942
6963
21
8940
2516
7549
3119
550
9148
9407
814
1266
7997
1266
913
3645
4511
4866
658
2029
2024
5334
466
9303
9130
2496
2412
2968
3845
3630
5693
1894
8984
3933
5315
7057
3530
912
4407
4887
6513
6747
6561
5414
2560
6144
9851
7586
8485
3522
9662
7588
2718
8254
8877
2608
6497
717
9810
19
5137
150
6704
5518
3714
8919
2281
4064
5951
3855
115
3598
458
5771
5515
5277
8772
5052
6743
2986
2645
4825
4483
322
3967
8104
9175
730
5055
2706
560
2812
1102
4388
9749
6363
42
1042
1700
3640
3862
5787
1635
4629
3407
6063
7129
6946
2739
3600
3835
1444
3974
6823
7374
312
5667
6381
1551
5609
9744
1551
9008
3244
3294
7302
2495
6070
6022
9152
5234
7730
3352
3102
9124
6858
3189
9853
6915
7903
975
2228
7990
1455
8871
9115
8838
4279
7014
9437
695
3660
9491
6090
3896
2310
6778
8391
1334
6105
3568
1059
924
3587
8365
6105
8092
871
7699
515
7122
5814
9466
3647
4633
7515
3561
7552
4373
4179
8464
8216
9056
6585
8456
1574
8238
7261
9206
6813
79
4798
8518
810
4335
9916
1304
4403
3089
2765
1022
7966
6580
6498
2315
4881
4194
5844
1457
6381
8749
9225
4018
7155
7641
5352
2002
4339
5130
6791
7867
831
1665
885
435
2323
7295
8656
9311
4717
6210
9158
4463
1607
3156
497
1635
2557
4270
3575
7380
2393
5803
2824
8064
854
780
1363
3169
8983
7913
6964
9272
6298
4898
190
6300
5695
6062
9991
7586
5538
6532
6739
170
9590
4762
2411
3999
7143
3716
9445
69
1555
9411
5473
5027
8840
2820
9581
1543
5932
5486
328
6804
9246
9886
8165
6708
2965
4197
5940
6494
4278
5988
1841
5861
9064
2654
8473
6091
8369
7363
6026
5266
8468
6895
7716
6886
9425
5163
7459
2875
6480
8447
1654
51
6204
9935
924
9704
6597
5702
1034
2946
7776
2950
5790
5566
7569
9612
5963
6186
4346
3490
3174
8568
9460
5061
8335
2350
2169
1278
7283
7802
6737
3065
13
5831
4334
1790
9656
9128
1730
8768
9493
2666
6329
3080
7490
5517
1104
2149
9317
9812
9199
1273
8528
2990
5272
3085
590
1142
1599
8573
7535
5319
8418
3232
6208
4711
2936
9959
1231
5778
9955
6834
4455
5577
3996
507
2239
6380
7571
2817
1246
19
1961
7470
8602
5463
4536
7023
558
1249
1200
8513
7529
3157
1233
4174
4248
3096
6871
2778
2581
1145
917
3538
9857
2364
6817
2950
8994
4764
846
4209
3571
8781
7326
7515
3358
947
4629
745
174
5912
9400
9982
4578
1441
9305
1298
4344
9821
6259
9142
9509
4792
236
101
9102
8422
7613
6237
8646
1585
8028
5793
403
6990
4942
8747
5830
3718
816
3300
8467
6126
2604
6668
1744
935
8959
8415
3059
5518
8606
9172
8505
1703
4700
8778
8545
7225
8413
4935
3334
8392
2098
8588
7883
3607
9578
7588
6499
558
5468
625
9004
2959
675
3382
2188
3567
8356
8166
9463
9198
3178
3127
2979
8856
7288
8699
2289
6164
201
8604
5305
5881
9965
75
4027
4015
8784
8137
1356
1371
1915
2500
50
7980
167
5545
1028
1317
6590
4978
8869
246
5472
4135
5213
8971
5609
9027
6318
879
5299
335
356
6864
5320
3123
2993
600
9355
8173
4782
219
6809
8092
7282
678
3076
4998
8688
1742
7671
971
9573
5223
9735
5058
409
5830
4861
5055
8405
9757
1818
477
6071
1580
2143
3186
2659
7044
2552
428
1962
8417
195
8650
3436
7380
6852
4535
5894
610
339
4576
3207
4327
761
5133
7128
262
2714
7163
5738
4300
9767
5025
8400
6332
2020
5702
8534
9890
2338
1644
9190
7242
9009
1156
5028
1085
1621
3029
8977
326
9160
7795
9417
7242
7269
1744
818
7010
6057
2397
4329
5388
4689
7662
8650
5169
249
7104
5359
1150
6001
6003
8272
8694
5385
5964
5317
9604
104
6043
8640
9685
8186
5412
5139
1971
5607
1158
9063
275
4883
1523
3833
9941
7314
3802
2553
1347
2506
9858
835
4517
7669
7826
4324
3156
9523
723
1856
1304
6427
1214
6905
13
3756
4644
7202
9277
2522
6678
9562
9090
8041
5084
6266
4477
2170
8330
1379
1583
3411
3969
7098
246
5208
4123
2015
359
1087
1982
2448
4884
9302
7758
3848
3669
4617
3820
6184
2670
6599
3275
8824
5828
296
1745
6476
2584
1559
9846
986
1192
9343
273
7892
2457
4116
6659
4805
9633
2628
6842
8190
540
4229
4677
9788
282
1235
2597
9860
8349
2145
8709
4983
136
5144
1269
9950
3462
7647
9430
8799
1240
995
1256
5541
9029
9865
1390
9553
7958
9015
6551
42
9756
5084
8284
1598
5618
1956
6193
1349
8962
9986
2636
9046
633
5289
7756
7312
2846
6708
1342
1985
3197
8043
6950
9544
2973
9136
759
416
9845
3044
1902
9334
5594
8667
5226
5051
6860
9670
4331
1506
1454
8081
9837
1253
8358
2209
4907
3739
2109
4078
6706
1249
7672
4566
6844
1713
8134
8739
8625
6482
1197
5776
1503
5918
8084
3301
3452
1966
62
2704
451
3175
2377
9836
531
5115
8205
5696
1186
763
4229
7019
8306
5766
6337
652
1662
1027
1822
3513
6916
8121
1044
7849
309
5677
6577
3919
3169
5056
8757
2940
3677
9405
3626
3530
8872
7836
4035
1729
3507
2438
7553
7862
2252
4177
7469
5737
9580
7431
1639
2424
143
6549
5787
2330
2130
4527
9526
4853
8537
4286
2526
6129
2006
1288
3342
8901
2139
2806
1780
3825
6992
93
5
4478
568
3182
5597
6131
8208
840
4338
5738
3417
6332
2796
7128
3618
1296
1399
4345
8309
9181
3191
9221
9911
1424
5855
963
835
8568
3598
6774
5650
7814
5432
50
6543
1308
1761
8948
8930
3395
6645
7696
9948
6788
2712
5673
8492
6213
5283
842
1406
7435
5515
7810
6901
783
4567
9144
7327
4633
5296
9639
7242
7563
87
5602
900
2746
584
2309
9534
2451
5415
4914
2536
5494
9272
3122
8712
181
2471
4621
3285
2755
5367
8215
2298
7621
3148
5759
6740
2617
1620
4296
8098
7005
454
2384
6701
7109
4773
5746
5628
2973
1307
8954
2020
601
5274
1406
1511
1445
432
7145
2162
674
6354
4487
2195
1871
3303
3279
9597
4824
5568
6917
830
1118
6815
5530
5040
6887
6420
1602
5407
6725
8993
311
1447
6412
6195
1697
2346
1741
4248
5295
2185
4475
2134
7424
650
5967
189
4830
3806
1494
6148
803
7404
4390
8124
901
3785
9743
6366
4623
5024
8829
1737
5436
1681
6042
3039
5783
5675
1605
932
7855
576
273
4731
6355
8984
9391
4879
9072
6698
1590
7796
3913
576
8189
2906
7057
8288
5294
7912
2603
5375
9624
271
3356
2737
6697
5742
4607
2928
4405
9154
2200
562
8292
227
7131
9658
1768
1917
4393
4863
7293
7924
3433
1033
7824
4860
3492
3136
5982
7494
381
3692
8329
2480
951
1
1375
3617
2286
3648
271
6144
2292
2436
5596
3351
2283
7961
5774
7398
6520
3377
3519
7739
8081
1700
6837
2322
4913
1837
2250
1471
6946
6911
8772
8507
2232
5812
9276
7130
8283
8150
9630
744
4591
1149
5632
996
5437
4472
2576
5530
7361
8583
974
7004
173
590
4399
9251
3163
9052
8704
449
1397
8800
9198
5381
3664
7088
1118
6471
8685
8644
9114
8369
3746
2774
3147
6932
6068
5841
6885
440
9261
6720
4109
8362
5937
1768
8333
1642
1412
25
3966
9230
9446
9181
9347
5791
1950
250
7332
8348
3354
6104
6845
8717
9468
2605
3257
7399
7442
7467
3183
7322
2166
8263
1187
4677
4690
836
9444
1895
8755
9476
5058
8660
4677
9884
8922
4565
3427
7356
4981
5817
8508
8537
7086
3157
9875
5392
8893
3332
8510
933
4199
3945
6842
6643
7063
1182
7993
4669
1100
1114
806
5436
9593
3878
1045
8185
4039
9584
3682
8692
3972
86
2486
7365
8814
3629
1177
8030
4802
9298
1942
6112
3385
7821
5276
1113
1818
8033
2820
7740
6571
8757
6255
3866
5011
3071
8944
3208
2111
1689
1353
9308
9649
9817
6961
4113
1459
9476
7829
3434
5
9962
9866
1802
9171
4693
2051
1772
8602
9932
6367
6005
6764
5941
2120
5214
3831
8619
2354
5742
4685
7969
5919
3112
7945
2633
6462
3567
859
1162
9653
2341
204
9385
7734
6608
8890
4452
4694
317
1020
7172
4606
2179
5322
5347
2544
3708
7696
1746
281
2840
7122
2087
8749
2036
4043
6754
3857
6537
8231
8484
912
7439
278
4025
5801
7378
8206
5512
6324
9379
3924
2037
4722
7512
3363
3740
7789
2597
89
2754
5870
9113
881
6813
5219
8116
636
5698
2565
2136
594
8156
2085
2535
6259
7167
1900
1297
9546
5165
5501
2184
5422
902
8915
5085
7365
1236
8673
303
8964
1260
6448
5477
2613
1799
6557
3465
8806
7684
6742
2508
2946
4187
8785
5767
9951
2186
1253
6195
1839
6492
3051
4923
7253
3685
3690
9979
7898
134
751
9399
7025
2261
3171
9333
1708
6608
9922
4460
609
8435
2490
1861
8423
2992
9237
1234
2117
3147
5133
5178
9983
2477
8464
2471
8208
1524
8224
8928
8108
6578
5567
8671
6933
7342
5482
685
1016
9451
4059
3343
2264
6792
5586
3404
4001
1190
6500
4260
4447
2456
7862
4750
5000
5572
9416
4548
3797
700
1125
184
8383
994
6352
4030
2868
3819
4927
1081
7510
8552
218
2665
9088
1790
2914
3191
6890
5059
8470
7018
5024
3964
4480
5651
8716
816
3671
1360
7925
934
6888
316
8326
3875
4959
1269
440
1555
535
182
6262
5418
6750
5895
2238
5196
5662
3210
2658
6225
7657
8737
2229
4106
5159
4419
6513
700
5314
2051
147
3566
3155
6575
1664
9902
4339
5212
6830
1644
2750
5335
4524
8287
755
9605
7214
8585
3413
3519
5153
460
8702
1700
3276
8150
8086
4219
8715
540
4755
9739
6241
8483
34
2695
2263
174
4230
2336
856
450
6379
1013
3474
2322
4213
3942
3351
5554
7205
7928
7287
1794
6898
9687
4864
1455
3299
3513
1815
120
6496
6290
6889
3011
9093
6040
8252
8059
7342
7039
4354
1076
2663
4703
4081
7689
8226
954
3937
4143
868
3161
3334
6826
2452
4446
1585
347
7831
808
6875
717
520
736
3953
88
4123
462
3228
8173
5689
5291
8212
165
3574
6210
9131
2194
5605
7174
3228
2345
9576
7672
9252
3335
2955
62
558
4647
4454
7904
227
6533
164
3637
556
1926
750
3992
3565
7763
7725
5764
8453
5576
4948
3169
3252
6242
5315
9391
4741
657
7579
4530
1140
2848
1484
617
7132
4061
9904
8581
3718
7785
5063
1678
1
9937
5653
7204
1443
1613
3608
5465
4619
3812
9218
3675
8386
9786
6810
4316
9331
5062
3163
9570
8954
5634
2496
7707
442
133
6859
9504
7858
9143
2045
668
512
3270
3168
3314
588
8111
7948
3128
7049
2113
9910
7328
3630
7808
2230
7346
7250
5588
9249
8655
4621
5493
2723
4366
7441
7945
6761
1310
4754
4103
7606
5476
1766
8549
3163
5116
6618
3496
3727
1220
7114
35
2520
6841
5723
5168
4077
2634
7903
9512
2253
2270
9893
3389
6046
5018
546
8801
5873
2642
1349
6637
8373
2945
4506
4434
5561
5081
4645
7113
727
3754
1860
8029
1540
4586
2972
5882
8643
2272
3868
4127
3407
5241
1849
5335
5582
8377
2502
8144
4569
7816
7623
1084
9871
477
1661
9575
2334
1289
9607
8996
7989
789
8784
8498
410
1864
1849
1460
2045
4664
158
3600
8774
7222
3230
3131
1095
9171
8851
7184
2578
6500
2543
2910
6131
776
8158
1063
2925
3397
3548
7353
2665
4872
6138
2617
6456
3350
4925
3718
6528
1042
6098
9905
7658
4022
2310
2648
7246
8529
8479
3163
2438
2423
6417
1488
8245
5873
2367
9633
3705
785
8534
8648
1116
2804
934
3901
1084
613
6675
7744
4245
5132
655
1536
402
2638
5252
2109
8466
5509
3817
4395
4917
384
4914
242
8455
4649
4372
582
983
5291
12
5742
2507
7449
8789
4854
3088
8408
1564
6633
1854
735
8917
7306
1767
4880
1086
5606
621
258
1167
8196
6967
4139
3731
731
7889
692
5446
6434
6240
6092
6760
8953
5119
4912
9029
2952
3849
398
9021
58
3944
7184
2541
4182
1467
7608
8474
3574
3563
8765
9960
725
4124
1816
8775
8368
3718
8057
6964
2395
2961
5130
392
5761
3974
9963
2187
6854
5851
8133
1757
223
1237
1109
4252
9783
1597
9549
9263
281
2217
1871
2871
7475
6131
6035
4829
3303
6137
661
9234
5791
3433
6625
7096
8814
6792
6779
207
1503
5421
1620
7723
5429
7008
9737
9488
3014
7563
8992
6770
4169
8793
6682
178
1089
2258
2917
9630
7938
5133
8884
716
5190
8899
5965
6789
4611
4013
5437
2991
4818
9341
7760
4860
596
4148
7442
467
6394
6547
1815
5739
7145
3890
5064
6997
6750
6447
6006
6556
3874
7149
2268
6369
6536
903
2533
6529
1042
2947
4876
9001
2125
6001
1951
4827
1033
1822
9581
6941
4816
2450
3235
1391
3318
3145
3570
1299
3834
8968
38
8164
8006
8881
9116
7669
7072
1390
8323
9692
1615
912
9424
3447
1670
2813
3613
1144
1938
237
5964
4928
6865
9065
1739
1424
3913
876
3051
3391
7332
1233
2694
2074
2908
6712
995
3244
6884
4282
7755
9643
3499
9888
5326
3903
3025
9788
9721
505
9531
2426
9360
3597
3003
5110
1298
8940
7142
7691
3755
6195
8339
4931
2359
381
8217
7350
538
4958
1818
369
4259
7656
2482
6320
1429
6977
3739
7836
8399
4124
1155
2546
3860
4906
1872
9096
9070
7797
5413
2054
6101
9193
526
1559
1304
8567
7528
4944
5685
5675
9249
4763
8686
9162
8166
1704
1115
6683
3681
4321
5201
9306
9291
9630
5040
5792
1071
7453
8508
9120
8280
2740
9544
9763
4267
5066
7129
922
5016
2861
9449
8794
2150
2724
4875
6392
3859
4697
6740
168
7981
2387
4116
1092
6852
6795
9901
895
6519
5511
7496
75
6436
6565
7394
6508
5218
8923
4895
3100
4575
193
1666
819
4872
6406
7156
6567
4755
8647
1933
6374
713
8340
1139
5892
8623
8452
2910
7471
5164
6233
4403
9505
5365
9373
2358
5585
5329
8366
1174
4935
9802
3639
5593
7788
720
3297
6220
446
9639
3333
6140
7871
3577
1121
9362
8095
5425
1502
7884
6766
6012
7423
7935
8341
5789
2161
5453
5498
4048
1570
1238
6389
7473
6997
6571
7073
2747
3351
5172
5326
2231
2464
7831
1830
93
6531
5927
4243
11
4262
159
3827
481
4408
8923
2378
5704
7251
1998
8558
7844
722
6397
8068
2095
9750
398
6579
4549
2288
5348
2073
6329
2558
4534
3547
9592
6104
8247
9258
6234
1209
5486
9786
1411
7410
5907
3065
8074
4193
1368
5495
1353
6614
7482
1509
6067
9762
9735
343
6133
9347
9693
7722
8913
8086
7497
7922
9873
5375
2786
9599
9003
2740
2324
6634
5235
6611
6657
4684
3842
7333
8505
356
920
9853
720
9715
5076
3025
7480
9829
6369
7904
3125
6886
1515
7764
872
3325
9913
7985
3191
2698
1407
1769
6491
8612
4289
847
6273
9456
3105
5050
6500
8799
842
9337
6802
9060
7365
7782
2846
6848
7894
2956
3230
1099
9615
5437
5118
7471
5738
3332
4771
5857
4142
5806
8948
9150
3361
2107
5425
4228
6751
8024
6724
1319
1404
4325
6044
2178
961
1812
5959
2130
5138
6342
4804
8450
8539
5392
8997
8852
5728
8802
3717
9772
278
642
4657
5036
388
7651
5698
5257
2356
8617
97
9870
6232
1910
9694
5289
9393
2940
6509
3926
7372
2641
718
7799
1002
497
611
7969
3109
6573
8499
7948
4307
6951
1040
761
9668
1008
1789
3309
6113
701
9773
6520
6245
4934
2217
6628
5697
3708
9458
2788
2293
9790
2400
7637
9923
6857
4033
9890
7040
7729
2147
5783
118
2149
5562
9281
870
8933
5621
8385
1151
3199
7813
6670
2867
4198
1554
6068
8280
3983
2271
9401
7114
5711
5655
4516
4550
3402
837
2810
6974
1898
6269
8383
8553
3990
6402
4095
9371
2936
5757
6764
8086
1073
1636
9093
1977
5729
4770
5725
5302
7965
1610
3057
5458
2746
8668
4406
6493
1046
4730
7467
8095
2810
1411
9253
6929
9429
8116
8876
7795
7458
6696
5343
8225
5507
1315
6041
4075
6561
2538
8821
8632
5112
7507
9008
287
3212
2925
5807
5321
1996
7602
8324
8205
8289
8668
5275
9662
2382
2163
2548
7612
5893
7929
7844
1269
6267
4831
9950
1430
2626
330
9931
8507
5909
8835
2983
5302
2403
8966
3717
6503
2308
3555
5799
9856
8372
7138
9935
6838
6039
6379
1692
4397
9990
1209
2738
7182
9663
7739
4020
8380
2974
4377
2695
1665
7670
9816
2296
9454
5685
9973
7259
3416
8446
6044
5303
2338
2130
7987
2896
9128
4896
3112
5391
6247
8638
5534
8517
4700
6097
5800
5639
4663
4946
5336
3528
7931
860
4133
2185
8555
4842
481
1153
6066
9120
8276
5950
3946
5905
400
5051
1675
4842
4891
3484
9862
8985
6447
3027
2136
1299
7596
3356
9884
4334
2595
8470
3110
2515
7371
1478
7996
5801
4341
4286
4415
1959
9324
7126
362
9583
4571
8794
5697
749
3963
9821
54
1851
3665
8945
4412
1106
49
7256
7245
7124
1268
1732
6525
9805
2840
1430
8533
8921
7054
5874
500
605
9069
7903
9660
9320
2664
2552
6727
8801
7659
9135
370
2773
8415
1259
8849
8426
7066
6889
5752
7085
7040
7290
690
7592
601
556
6743
3140
261
6775
3694
8088
9321
9449
2782
5762
9284
5091
8442
7496
528
8444
9464
2133
1361
3752
1390
1580
2581
107
1855
164
122
3415
3564
1778
7213
2068
8719
2108
5809
3586
8540
884
5440
2282
3451
8966
8477
3087
9141
1974
8447
8255
6556
8596
7826
8557
6231
6849
9166
5162
559
153
4920
3529
7966
5906
5884
1003
8548
7216
6371
6333
1687
6941
9904
8580
6692
9079
300
2423
3103
9493
966
9880
1716
1866
6858
4968
3952
8655
5836
1870
2942
647
3026
8386
5964
1910
4315
7545
3081
7473
4538
1924
5602
2114
6568
9614
8691
9246
1865
7152
6548
6742
2058
1066
9187
5039
1813
6100
9047
915
7051
9893
1379
4501
3390
1039
3915
1517
2615
4781
4764
2755
9341
5629
4955
9041
4277
9602
5298
7243
6276
4705
6790
8684
5321
6200
8588
1960
9198
924
97
8215
8497
2166
422
4645
544
1101
8723
5528
5699
7174
6630
7083
2388
3793
7400
6428
6110
146
761
2211
801
1804
4639
2345
3102
2695
9179
7190
2450
1954
2318
1691
4684
6549
4257
7175
5206
310
8496
3176
878
9769
1543
9102
8075
9707
6296
1528
8799
2159
5850
9052
162
7886
7413
6693
7527
8077
1542
7849
1921
1533
3077
3745
4855
4939
2398
5838
9535
225
1221
5800
1649
7585
1332
1031
260
5536
4269
3395
6398
7650
8390
290
6104
3265
1528
6798
9135
7564
9648
7129
8768
647
1255
9344
6691
7798
4246
3136
7308
457
1993
8574
938
49
7403
2577
6553
6381
6433
1990
3807
8146
1451
4270
3142
2787
7641
1590
3410
5600
6703
1970
576
4092
7032
1001
6329
1988
4339
2461
1290
1133
6087
5940
5657
9816
9352
6054
5861
8951
244
2753
1131
7658
3321
621
9196
6984
6201
3904
157
2656
9725
1708
3754
22
7997
6845
3017
6401
6247
4565
2041
3971
700
2673
2059
5510
8613
3326
3434
1586
5728
4458
5355
3949
839
2918
771
6410
1805
9345
5786
435
2304
8633
1407
4378
2186
5634
1818
2507
3036
9460
2703
5679
712
7159
6958
647
8562
3685
8371
2875
470
8570
6928
5266
6352
9804
9183
5079
6073
6607
4595
6902
8779
1606
1667
2066
1266
7680
3324
2978
1507
926
8549
6267
1755
9676
3237
3679
5960
123
7847
8120
973
2910
9964
3733
1705
6141
8026
2381
6451
6739
6433
6429
4864
5801
6899
9105
5492
4891
9381
882
361
5393
1367
9543
21
660
3511
6676
6567
5503
9119
5950
8759
6475
5928
5868
1642
7934
361
5125
9654
942
6527
4768
4493
2120
1403
5953
2776
4132
8187
1068
742
6965
7758
5580
1542
421
3712
1044
2629
1350
5814
948
7619
483
7669
8388
9872
1031
7463
7557
4530
4256
1228
9418
8865
6598
5050
7900
9256
7558
3899
2435
7315
8050
5207
1794
8716
348
4326
1220
4221
9316
2495
8303
5128
5579
7148
4009
4450
3015
6080
1745
6668
629
6538
6486
5737
8340
6714
4943
5370
5811
1787
5070
7450
3378
3632
9569
5275
5875
9671
9524
6705
6242
3336
5213
1760
2924
4290
3286
9450
1040
3450
6241
1477
2154
5766
6685
1511
8721
6056
376
3633
9382
5849
8410
7528
7424
853
1749
1946
7579
8734
8574
3343
6556
5040
426
7293
1325
4725
2813
4050
3428
5493
4330
2360
5546
3593
5296
7612
6946
8057
6554
9818
9295
5891
7322
392
4925
7684
4335
2071
2540
1339
1870
2306
4875
2897
4921
7113
5340
9392
186
3995
3243
6326
205
3888
1519
6049
1982
3831
5556
4137
5000
9521
2180
8755
4048
664
7717
33
2368
3640
390
741
1509
2088
3623
2024
7484
2648
8671
8182
2272
7554
7870
2558
6575
2968
5685
3434
8873
8875
5702
503
6514
8402
6339
2348
125
6119
8849
4256
9396
5306
7024
6546
3605
2501
4816
8117
264
9494
8565
9333
5159
7374
1865
7445
1651
9622
2180
1080
4979
4282
1160
3492
7938
9886
4227
3106
5748
1274
1898
1364
3799
4415
8785
6965
530
1324
8952
4073
8151
7568
3169
9378
310
6369
5344
9140
6537
8893
697
503
3938
7769
9277
5114
4145
3531
8608
3719
8274
1710
2368
8990
7596
7200
5533
744
8588
4899
6915
326
669
8107
2928
7410
1112
1782
3181
1569
4542
5086
6568
6854
577
1394
7425
6030
5137
3671
2820
6998
2716
5233
5798
6441
5199
4179
1782
3110
835
4599
552
1638
1978
370
9834
5831
4840
1866
4001
2362
349
7038
9177
3188
5141
5514
8413
6201
9774
9502
5607
4916
2078
9916
7610
5436
2309
6487
2211
6933
0
71
733
9942
4534
4930
4875
206
1560
1594
1190
3270
9670
458
6649
5677
6055
2610
1299
9685
5766
5580
3335
1333
8992
5636
9559
2061
2760
4398
3521
8353
9655
7067
2361
277
6305
9234
8653
210
638
8206
4641
8179
8312
2336
5245
1620
3267
1933
9380
9699
5187
2526
1167
4420
6736
9400
949
8897
5371
2814
7446
7162
8073
2836
3614
2603
8096
6371
9372
6820
3956
1089
9046
7559
939
5155
3020
6656
390
7938
8794
827
5017
3822
3166
7129
5900
7941
3541
6904
8285
9755
4839
7824
760
7478
106
5475
8721
2642
3524
6896
2560
2559
5742
4097
3479
3607
3480
1580
6379
4293
8507
7432
4020
6619
2144
4250
9670
6485
6702
154
2829
2467
8535
4200
6250
1222
6799
3460
5049
7545
7934
7748
4414
1897
8266
2458
8080
9068
3649
2292
4461
1960
525
3991
1248
7406
3804
4141
5334
5855
5805
2235
5939
3369
4066
93
4023
1541
7847
2257
6808
19
6531
8834
6358
758
3018
2122
8353
9686
6170
601
2835
4410
5693
868
1941
4543
2952
8843
7418
2658
8126
9193
1740
5698
1808
1044
7831
8172
8434
6538
1220
1392
5483
4441
5429
1691
7633
489
4388
1681
5787
5647
9685
5203
9400
1529
7676
3197
8151
9480
8589
9004
4839
4150
1892
7338
7093
659
8949
1973
4290
180
1252
9632
9381
1442
8926
1251
5439
250
6909
2462
4454
5736
6870
2478
9507
6537
6298
279
3368
4633
20
8953
7948
2215
6553
1333
2548
8091
4597
6974
1540
2415
7391
5607
4395
53
5821
7957
2602
6425
7758
7901
2570
6127
4550
9102
7280
9413
7830
556
4360
8670
8605
9656
159
2298
1683
7165
4889
7593
8702
7347
5653
9935
922
2039
8345
1262
8083
9454
715
8340
7676
6942
6875
2119
6383
1821
7665
7450
4052
3134
261
4040
2613
2869
3809
7734
5447
2097
8369
8656
3068
5009
7722
410
2247
2634
5205
2510
757
6017
1330
8375
9841
6020
993
1662
2781
8040
5914
9862
9499
7438
3540
5567
7086
1612
7322
8052
8229
610
5815
5986
1084
2059
5272
2666
9220
6465
9871
3748
6615
5155
6692
8034
1804
1885
4199
6593
1875
2147
4953
7407
6182
8507
9156
5629
1468
2154
3324
635
5311
7152
4281
147
202
5344
7291
7782
747
8327
2441
6315
8168
2165
3246
4344
745
5506
3763
5200
7413
729
6176
6082
5657
8408
9803
2576
2902
9642
1198
7065
3140
9236
8436
9463
873
6545
7832
6460
4594
6417
5845
3548
9705
8637
9238
4016
5261
4811
4884
5962
8391
8124
3221
4582
975
8199
4490
1793
5540
4714
4879
1105
7128
5376
3175
8932
3728
3782
3471
4200
7673
7303
606
996
4884
2628
6376
7019
9170
5787
7314
8091
4758
5235
8674
5016
6014
3854
8487
2674
2055
6038
919
9879
1537
4739
6419
4329
5462
305
287
1478
1340
684
8288
1088
7517
2225
9697
8347
1822
7470
2623
9753
7399
6788
6347
1892
6701
8158
2918
9874
5295
796
2144
1634
6383
726
9458
144
6208
2047
1557
8864
5499
5835
6750
4073
6947
7586
7498
3788
4156
139
852
4585
3414
1166
2479
4749
8392
4527
7627
7303
7387
413
6183
544
8539
6654
4704
6791
2766
9553
2139
9774
5912
3759
4253
1563
37
2273
4945
9114
659
9129
5717
5156
9943
7559
8219
5217
8246
4708
1752
1681
4419
4254
1477
5086
9652
6206
5534
292
2882
707
1021
4603
8000
1078
8672
9655
6913
915
4712
6118
9581
8512
6643
8257
4695
1027
600
979
8434
9487
8544
8058
7800
458
5354
1658
2281
9166
1911
3830
6739
4652
6232
9952
8108
1114
7155
8865
8887
8563
8304
7331
9996
5634
2099
5906
7610
3220
391
8625
5605
4554
1858
3395
2163
2963
6803
7541
5723
7013
7374
7746
9004
881
9379
4929
2280
6691
149
3581
3871
1735
2092
9870
1182
1213
8061
2165
8359
9447
4047
9061
8775
3285
8225
2184
2794
2837
7788
5144
4310
9614
3141
1873
1189
557
8326
9114
6255
7170
3626
919
3071
6809
4754
3870
2461
1988
2212
950
4902
4637
9182
6276
2965
8313
8971
5719
2656
7194
2134
9442
8902
5004
9270
4256
8594
218
8680
625
2886
8946
5910
1188
5820
3128
5989
1965
8530
4355
9722
805
625
6838
242
9673
431
6865
8907
2876
1586
2607
6458
9061
5035
4183
2017
8066
7539
497
5275
2243
3307
1586
8063
5955
8726
7993
455
9837
2323
7005
7188
8300
7471
1328
8817
2063
4762
9596
3825
1729
1311
5804
9038
279
2487
6849
6153
1636
1111
7923
4426
8032
9079
7479
7498
9038
8774
4286
946
2437
6409
9070
552
4580
5418
8158
1589
3706
5366
9953
3304
7942
6672
3546
931
7502
2548
7784
3467
1877
1840
8818
8726
4400
2579
9155
9221
9991
3830
9778
3289
475
8650
1388
5319
2240
5252
4457
4860
4329
5259
2447
6270
1157
4619
6483
1360
5532
6547
9996
6490
990
819
9069
596
7590
343
6152
2001
6263
8936
1597
9876
5587
6664
2828
9292
5283
8227
8691
2250
8090
2923
9137
6617
9393
2548
7568
9781
6095
7794
3688
3443
3833
3288
2298
9656
9581
791
7729
1896
9099
2456
8596
5392
3662
2570
682
4493
1790
7191
6077
7305
7856
7746
8399
8066
1681
2451
1203
5041
2775
6371
5905
8468
5247
8153
6042
2299
4365
3172
9710
4492
497
6794
3150
5634
4327
3745
2955
6822
1866
3075
7990
8904
1717
6383
5587
6087
4888
4232
7974
7129
9587
2687
9121
2728
6550
127
145
5508
6528
8383
127
8617
7480
1584
6807
1062
4595
2765
3739
7936
9496
4381
3175
9699
8380
7001
6751
8864
2566
9955
7410
133
5198
2581
4904
7810
7672
421
9083
4199
3600
7447
294
3482
2947
9372
1423
132
9576
4525
1491
2123
492
38
7633
5206
9511
9422
4347
9549
3376
1280
2941
6573
973
9994
3419
4899
6680
8996
3389
4174
3682
9540
4336
2049
4086
9692
6752
9008
5577
6618
9287
8041
8463
5286
9641
5160
4948
9697
8298
8250
6074
9534
822
2319
4505
3721
2509
2953
5953
6524
3452
579
1135
7317
8441
952
5701
5584
1119
9819
2669
5339
3971
6757
1993
4900
8109
5686
353
8259
9951
6982
698
5139
8099
4148
8717
2017
7543
365
7182
3799
3055
9053
3165
8708
6905
1146
6845
8688
9458
9363
8577
8479
5580
734
5562
4064
326
9604
5611
6823
2600
7693
6572
6469
9881
5995
9217
4293
2234
3684
8040
753
2636
8870
2284
4918
3591
3285
7994
6962
8840
1664
8801
587
8405
2218
9559
7365
8585
4652
1691
7939
4753
359
1199
5361
2480
6696
8826
910
1928
2552
6454
5774
1323
7823
5842
6709
8450
643
472
7041
1609
8649
7982
935
8892
5985
8064
7662
6435
1852
5707
7581
1993
101
5999
2276
7671
6922
2437
6895
4458
7084
5033
6288
