8724
787
393
2370
2757
7653
5068
6549
535
7744
7378
5817
5974
533
9618
6854
5209
3948
1678
1021
4836
4904
6755
5616
2640
6180
9647
8053
4201
9400
9950
1062
8264
393
513
9663
4418
601
6445
7756
2462
7491
645
7515
5170
8555
2965
7366
4862
3832
592
2230
8852
1713
3602
3819
4032
4777
9730
6577
8005
7014
2347
1135
7793
6316
7552
5580
19
9955
2435
4607
7503
3921
8558
7345
4258
9239
446
4085
3215
2281
3190
369
8807
7720
2209
6550
6791
6693
5631
9641
871
9868
9751
5447
5143
9510
9721
8853
1002
7384
7346
4907
1397
5984
4727
4930
3154
6257
9561
4792
4330
5644
3361
5723
3824
1978
2327
73
4106
1002
8789
3326
4324
2793
3736
7635
4170
3111
2201
4748
9518
1593
3083
5830
4934
8283
8971
2823
2993
7279
3396
534
7132
838
5311
5226
6506
4027
1622
3164
7182
9647
4746
0
8595
4019
582
8604
2248
7091
760
42
4055
4812
5274
2737
2561
7531
788
5541
3006
9504
7080
6827
7605
8254
6194
3485
7482
8509
1129
142
1489
9037
7566
9870
6846
3082
7234
915
7700
367
574
5901
6518
3353
6478
2319
5564
2573
2664
8974
3238
6081
157
7678
2567
7919
2394
340
7824
7097
1121
3739
5962
617
8553
5018
7246
5403
5891
9478
296
9873
7840
2639
8929
1178
308
4251
1775
3875
7921
4908
5844
2154
6903
5407
8879
9887
7302
8926
688
6893
3090
603
9245
6835
9939
5900
4800
1460
5073
161
6682
3185
8677
3365
8240
7518
8748
1389
7611
8142
8564
3949
9176
6213
7894
3807
3714
3145
6139
7358
8100
6965
8790
3403
6783
7237
3393
2094
1239
4407
9451
315
8801
7759
8226
2658
3476
3538
7167
1360
1139
5913
1315
2545
8328
9140
1426
3032
8941
6131
2186
1654
5321
7715
2060
9716
4395
5274
6581
1002
4125
6654
150
3203
8690
8249
5148
1416
7986
5235
331
176
5978
4778
6219
2186
5649
6245
5074
7642
5811
360
3152
5107
2220
7797
4993
1086
5698
8509
8263
8202
6956
6164
7235
4484
5763
8111
3854
78
3992
10
5046
3705
5800
2010
5675
543
1495
9873
4067
8149
199
8939
5191
3764
3501
5042
982
893
3256
4062
5717
9476
6971
2128
3220
9813
7543
1734
6423
7538
2390
4995
3650
5800
5314
9447
9307
210
2121
4449
9590
5825
4442
114
8002
8017
973
3471
983
720
7128
2960
6822
9929
4292
5569
6733
3671
8790
5862
3000
9761
3450
6528
5759
5204
5288
9390
8449
4054
5735
772
8772
8807
4471
9892
5034
6857
4126
5203
8840
4072
751
5702
409
9429
8173
3720
1507
9745
2713
5635
1420
6259
1449
9828
2375
7913
4354
2798
2728
1582
5021
6928
4985
6356
4188
8015
5458
4400
534
9876
9544
3587
7021
8928
9009
7747
6119
6329
7030
1567
7882
8704
1340
99
9351
2513
7357
4643
7517
7120
2502
1328
2474
7258
9050
3822
717
4053
5241
158
8262
7107
9210
2837
6091
7833
9237
2521
818
4628
1794
8025
5767
1161
3699
6317
5587
4885
7004
1675
657
815
6883
3414
7373
8216
1112
9763
9877
5187
7029
2066
1088
6871
3304
775
9494
8503
4008
1518
3275
4836
3824
2889
5326
4477
5560
1313
3558
2733
8234
5832
7048
3565
9501
7447
223
5796
5463
7874
6720
9474
2643
5631
7598
9727
6937
8896
7856
2924
6823
7084
876
5486
8399
5821
6990
3994
8087
2896
2655
9799
6204
7144
6952
1196
5017
7522
7370
5857
551
3697
3040
6133
4797
3800
2192
8192
5290
5598
7539
6664
3457
634
5910
1150
4955
1562
5165
3679
456
6229
7708
2567
5219
6921
3270
5499
8679
6401
4709
9415
1525
1998
2372
3125
4044
4742
688
4599
3629
8798
8704
2488
5356
5990
6342
5570
1234
5801
6241
3455
2356
3690
5400
4322
5989
472
914
7876
530
6693
9512
8888
888
8124
5139
1458
8261
2784
7106
212
873
566
50
1657
7524
5219
7210
9228
579
7699
4265
2878
160
1254
7058
7834
6597
8049
7136
3571
3828
2811
4069
6936
9286
9815
1600
7232
851
4883
7308
8449
8694
6028
2582
1789
3640
3742
6797
769
3262
1686
7297
2830
2427
6634
8727
9634
1065
7304
4860
211
5648
3535
6384
8061
6497
3114
2371
7708
3619
9977
8376
5695
391
5815
4183
4132
8671
5269
4194
2855
1252
6366
308
2141
5514
1238
4508
2651
1088
1965
6166
3547
22
7096
2800
5159
9643
4520
5292
526
1370
9088
7150
3284
3310
1601
2439
6612
2451
4595
962
5796
3110
2005
8959
9282
3226
4243
2547
5258
8606
9720
6620
1653
3811
4829
5673
3294
3014
9023
4488
4151
9976
3668
1484
2164
9216
7023
8831
3912
8799
7895
200
6493
1002
370
437
8016
8137
3518
1932
5400
1972
33
1919
1650
2467
5496
9473
8481
5928
9144
3597
3427
106
6811
5819
9442
521
6795
66
6203
5411
8634
6459
710
9520
127
650
3440
4391
7656
5157
9496
7090
9088
2178
9943
1748
9833
9696
3719
7549
350
7984
9654
4297
6772
6387
4191
4550
995
7495
1342
3452
5729
9988
3337
3573
1209
2130
2340
4845
6033
4089
8271
3987
4101
6337
1017
4632
5876
7693
687
7099
6346
8653
5061
650
6805
6412
2747
3739
6459
8890
3396
161
3815
6043
1361
9100
8840
6369
538
7703
7355
8874
1516
6261
9712
5667
196
435
5369
9559
8673
3301
6807
4242
7106
7075
4926
2687
6768
4796
9382
8600
8386
7142
692
8110
172
8058
4976
1916
5791
9506
7154
2983
9744
7471
7137
8800
937
1138
6216
2312
8370
6899
216
95
3353
9572
8937
4285
4173
6153
9601
5742
8321
8754
487
4373
5568
1602
5494
2138
5459
3452
3767
9167
6146
3823
4498
9634
9938
6126
1750
5630
8580
7070
230
1486
6926
597
4757
599
9120
690
7743
9638
9905
1412
4662
989
6984
2763
3231
9335
5643
4077
6853
4917
3132
1049
3948
9529
5073
9302
4346
8046
4403
3971
7161
1250
8523
9001
7447
4971
6844
4895
3017
4768
5709
4128
9261
4734
9160
3508
2650
7175
2895
2414
9986
4502
216
5313
8353
5877
6648
5228
5525
9817
6344
9696
5235
5934
4251
3411
2466
7982
5316
8259
2490
747
1060
2084
9207
9004
1787
9214
368
1564
6652
7171
5151
1988
3984
2658
1034
3210
647
1570
8323
1616
9369
3199
8423
6012
8892
3327
482
5749
1042
4667
1858
4635
9924
9238
3442
8131
6105
9349
4089
7434
4859
3960
3165
9172
4544
3247
1949
1592
2377
9255
7335
3746
9936
873
1378
7861
3661
3194
111
8460
8731
4619
522
1985
5312
516
2063
4745
9216
2902
7104
1297
7480
888
6756
5408
34
9250
1468
5645
1377
8890
3371
1787
7331
8112
4698
9050
7860
5580
4470
2910
9238
5628
8702
240
3438
1179
3860
4028
1183
7204
2376
9475
2150
6038
6265
9047
4116
5969
7827
4410
1726
4465
7083
9841
1247
8734
4653
7200
5817
3013
6884
3635
8431
4194
2058
1852
2185
6516
1970
8854
5390
7439
4461
4172
6514
3895
9636
1293
1846
5651
4933
1891
7753
60
1183
4773
8545
8861
8992
4703
6525
6659
8211
8170
319
8740
1043
7956
3979
4413
6861
7600
3999
8973
9019
4287
4
2910
3326
7352
9098
3360
5354
165
8079
4993
5882
8371
3010
7285
3306
3324
7523
7266
2328
8731
9227
6290
3853
7774
2851
1679
7313
7432
8789
7333
7892
8780
1041
6896
4769
5635
5534
1640
5604
3165
1304
8045
91
5326
2857
2672
4946
6694
1106
3537
76
6732
6644
287
5059
3713
9057
5552
4500
7419
6047
7921
1376
745
7100
7102
7330
6114
2516
7671
7789
5883
1661
9162
7426
1181
6199
8526
4916
179
6732
618
6325
5251
7256
1159
2135
753
1836
1055
6577
9982
7140
8185
7117
3382
6669
9346
8225
5755
5342
8832
4178
3434
5748
4193
5070
7482
2861
3878
7513
530
636
4321
686
5428
1595
6125
3489
5941
4966
6576
4277
1460
1093
7806
8742
3476
2045
4043
4512
6853
301
9160
4836
7900
6440
2890
9502
3062
6089
4653
7892
7958
3542
6047
9345
2819
7498
1689
1787
543
5856
2284
788
8765
4554
2717
2341
7941
5450
1594
5437
8817
9365
660
229
1476
9484
2786
8987
8704
6622
426
9852
313
8684
6319
7918
5046
8461
5923
5977
355
2256
3969
996
8016
8371
6070
3345
3723
549
1561
7611
4494
9216
9074
8592
2881
5818
7869
3334
4712
2701
3082
3921
5430
2432
475
80
8235
4799
7294
9480
9527
5616
5081
6560
5396
9664
2212
3104
3413
9440
5264
8155
5061
2814
5357
1097
9609
7726
5036
9228
592
2589
1265
7653
9174
47
5565
5584
7896
5989
5110
8923
3255
2080
8084
8878
4134
2514
3196
3217
3606
4764
9920
5272
7437
4927
8859
2615
7075
9377
470
508
9762
8066
8887
6937
4351
7427
7385
5348
4098
6627
5208
7423
4329
6340
4899
2980
4729
6478
6962
7095
4530
1819
5621
5827
2668
5992
216
4247
1188
2949
8509
8518
5518
4602
9161
5188
3192
1147
4527
6706
5129
7847
9118
6978
9555
2496
943
1096
27
5879
7886
596
2414
3375
5977
7943
2444
3060
4269
8358
7211
3137
4160
1148
8117
6690
1904
9726
7179
9711
9787
3582
1951
255
1965
6682
2700
8643
6272
171
5049
9119
4220
5308
5063
7913
6103
2143
8624
1218
2743
132
6877
6168
9495
1992
3687
7970
8861
2865
591
1216
3917
315
6091
4303
8645
2158
1410
9295
5242
3801
6788
4098
3309
8091
8916
8851
6085
204
586
9761
1101
5960
6967
9654
6705
5782
760
9973
2994
4730
9782
3406
9579
3832
5202
3904
9216
759
9268
3945
732
9329
5975
8942
3344
2779
2859
1404
3075
4835
1884
8656
2279
830
114
7956
3347
6437
7598
2862
1398
1436
6300
511
4019
3381
4518
9476
2889
5011
9635
5325
936
6641
9028
1772
9984
8025
6309
3925
2923
9355
6898
8159
2845
1125
1126
8749
3717
7245
557
2779
3161
6405
2546
9295
3029
5464
4922
9963
8260
3382
8514
8063
5200
6559
7720
5638
1801
8342
7971
5322
127
3672
9938
2042
4538
8141
7665
2894
2255
5769
5758
5644
4454
6855
2164
4530
4094
9733
8743
4520
3103
6346
5665
9541
841
8834
2958
6286
3404
5488
6948
5375
9273
5234
2651
9488
6467
503
4757
4888
7798
2028
7707
2491
7623
2870
3608
8344
4394
3190
1543
2068
9599
3451
2219
3781
8007
396
1201
5704
5182
1379
9489
6766
8821
383
6370
9219
4204
2676
8063
3590
4975
3855
6722
1074
8638
3173
1918
7971
5226
4613
1891
213
3944
4880
5776
5822
3015
8870
1480
6070
9302
9052
9705
6419
2538
940
3670
7239
6499
4388
4140
1718
5127
7952
7092
5744
6728
1144
5142
4833
8478
3230
477
568
9487
9276
2822
3941
4607
548
6203
5334
1195
1992
4288
5922
4149
302
8536
7697
9503
4678
1471
837
473
173
5086
5991
7787
32
9093
1871
3727
6647
7591
6072
8575
9136
6931
3262
8118
9729
2632
5951
8184
8806
523
3134
3664
1169
1594
6425
2608
7444
5330
3799
1758
9640
95
9314
4189
6830
6153
4574
1454
4332
1606
4548
4401
8216
7347
5012
3371
5273
9579
9774
2045
5519
2652
1667
9649
1951
2327
6618
8437
2667
9263
6282
1317
3791
4313
8934
9041
7617
9072
1288
3576
8058
4496
3852
7199
5975
8733
5448
3821
6581
3054
7334
7865
5555
1754
6239
6987
8427
9664
2238
4502
9534
6137
8786
5069
5323
3230
609
3902
8412
5970
5754
6201
8290
6198
3987
1022
8800
4467
3674
3217
6879
2797
1855
9613
1928
8417
5761
2037
8074
1947
613
7952
6833
6785
4041
1921
5709
8782
1875
2744
8124
1545
5408
610
7300
1132
9574
9357
7766
5216
8186
3959
5989
9020
7623
6736
4281
9173
3140
6906
7469
8571
5828
6465
5357
7801
9367
1505
2156
2066
5312
18
2591
930
5093
5334
7389
1244
2312
795
8842
6403
4271
2858
3760
6653
1962
7813
9162
7304
7639
6536
5642
4969
5275
9552
5717
8943
5253
9499
1765
8069
7201
5699
9903
8168
1368
5059
3927
2288
9347
3036
6861
2344
8064
1065
4300
2970
2704
8703
5838
1554
2343
4851
4427
8776
4376
7622
5655
5541
9617
8445
5990
2813
9030
773
9202
8571
2955
5592
5285
6903
3886
6873
7957
4603
9674
3297
6905
4209
5251
2747
6238
6550
3660
211
5725
2349
1272
1126
3792
3745
9404
8385
2671
902
7045
4047
3314
7291
1862
5729
15
7111
3417
8935
7667
5470
6894
9823
9102
1078
716
1445
289
6870
2207
9440
9152
8819
5047
6853
7299
1828
1800
1540
7498
5500
4201
7055
7557
5626
9983
9614
2347
9522
2731
9127
3133
4725
2543
255
5455
1448
2023
2713
3028
7959
8096
5801
8695
7605
4895
4494
2244
5009
8429
8186
5311
1877
1436
2167
1268
9839
2266
3475
1095
1102
9097
766
4138
3079
6306
4426
6275
4791
1397
5850
9804
9086
8511
9539
7404
8399
8359
9951
731
5488
7370
7338
1092
4545
3815
1256
3289
376
8987
5615
9182
8548
1618
1926
8861
7329
1663
5615
1299
468
8218
7452
3611
2579
8381
6225
3365
1896
4763
2869
1479
2314
2743
5606
3732
1759
9674
9592
9264
5050
1137
5899
5804
5782
6668
1256
7468
6585
678
74
6735
2744
8652
263
7269
9917
3726
8513
6164
7590
7890
1392
5612
6117
4136
6867
5804
6011
8193
7101
7655
2071
6350
6248
9330
2318
1648
7829
5911
7125
8756
6780
1218
4689
6133
8734
3661
2480
8336
3815
8033
1160
3428
1673
7159
9744
287
9686
1645
9800
5451
1456
8391
3576
2418
4664
6394
2403
932
4950
8268
5897
2601
9038
8833
1110
174
923
9984
5401
3206
3324
7674
4378
9068
6494
8642
4676
9089
9586
2031
1962
6183
6110
1673
7300
8389
7641
2270
1468
2340
1257
1547
3386
5546
2135
8558
4389
2840
6049
9569
9363
9702
6243
6594
2126
3781
4012
4507
5923
6021
1717
3314
1346
2919
6306
9713
6491
7365
1532
2720
2532
8653
8515
3061
1948
1776
4288
8831
6932
7935
4253
1836
3040
16
2668
2260
9939
9516
9546
3518
4376
3133
6346
5447
622
7943
201
467
9240
2421
2067
7024
1307
3328
7037
710
1186
3182
4646
350
9493
5181
7575
7987
1768
9881
273
1329
250
4046
9773
6975
7818
8013
8344
9398
2306
3068
2438
4004
1575
3821
9590
4510
5868
7229
528
9712
2979
1957
1073
6757
4869
9196
4025
9195
5558
8358
3679
741
7669
8872
216
5194
2648
5092
9205
3293
4983
7638
8403
8118
743
641
8775
5671
5590
3064
2119
4538
9352
561
8350
8293
2972
3016
2105
8621
3988
9149
3839
3948
9389
1697
6335
2703
3605
4396
1862
775
8023
7235
4728
5340
3553
2954
6014
4228
421
8354
3605
2494
6238
9140
1388
7108
521
1923
2221
9631
2987
584
9305
5834
3799
4455
8729
9046
4306
6072
2066
1193
1201
1344
6515
2117
5832
3010
4739
18
7001
7876
8199
5633
5543
1344
7709
248
308
9226
2181
1682
2174
2230
7788
7438
7929
8893
1540
9098
4224
6968
9922
4349
6287
2411
1293
4894
2624
9271
1275
7511
7183
2203
2630
5111
2384
3671
290
2454
6745
8480
8737
5079
3890
384
9019
8970
3555
9076
4188
6939
1469
5640
5793
33
7953
3850
9345
3132
51
2814
7624
1036
7950
4669
4498
9971
9600
2677
5054
4257
8602
9086
2352
5743
8230
4843
458
5903
3391
2323
1338
3548
5083
4336
6042
1543
6409
2596
7157
8534
4325
7158
2402
3931
856
7701
7128
9221
5886
9048
9369
878
4022
9930
8336
2382
3288
50
1803
3110
3391
3442
9740
7728
1476
4075
5953
3614
8627
2955
3562
7003
5519
6519
9931
1444
6683
8421
4887
529
7714
1237
17
4343
2953
459
9525
5153
5999
3659
8254
6359
793
4047
5143
883
7417
4674
2454
6780
1747
3514
593
2930
5486
2366
5359
7503
9998
6892
5699
4866
5162
1273
5395
2153
3424
5396
4774
1016
4550
800
7614
4967
4700
7202
6209
1471
1375
9048
4026
2008
5966
8106
8781
4199
644
7086
8857
587
5100
2022
5154
9107
7960
3388
1196
9520
8651
2990
7458
2020
9899
1438
2230
947
5900
5625
8230
8283
6156
3887
6127
949
2866
3690
8899
7055
2492
1195
1508
6338
6539
4187
5916
2527
5645
8506
7007
1311
6006
6689
2819
8385
1590
2005
2109
4528
5876
7833
8299
5018
8855
574
4430
1212
5895
4205
6241
4270
4488
4140
7027
7456
1481
1119
5481
5712
5522
9702
5302
7393
8618
6918
2276
9466
1067
7742
9359
860
1581
4371
1179
4659
2896
6490
7482
5965
9756
4703
6632
1439
2265
2737
6823
1866
9662
5363
6903
470
6523
6397
9006
6173
2530
905
6400
1936
8297
4963
145
8153
4845
5380
2689
116
2960
2367
4559
4991
3637
9516
5955
819
3070
3862
5128
5880
95
410
9804
5703
838
8889
4337
5183
5365
5006
2128
1991
89
5545
7667
4793
4557
8478
6594
6885
48
6706
8905
7294
804
1912
6833
7007
441
8186
3102
8668
5777
519
1841
7886
5159
4441
7315
5956
1043
7505
4751
7954
239
2568
4901
8091
1848
1162
6261
4591
7268
8243
5832
3388
1505
2510
4899
8925
2055
7330
4742
7178
1903
3460
6214
9570
3704
9781
9633
116
1163
637
5842
2543
1955
950
7054
8236
7011
8741
5158
9279
1925
8511
1399
7534
4687
8452
6380
2649
9542
8389
3900
3713
2762
7572
6051
6779
6354
5330
4386
2067
1528
6145
3427
6631
2400
3289
1433
555
5455
6663
1914
3314
2171
5462
5253
3392
2060
8680
4883
5251
3400
6984
574
2774
6736
2129
9780
4382
4899
275
1882
1680
4354
3090
7751
5780
5083
4768
5133
1397
7019
5825
7193
2878
6474
586
1541
7300
2319
2659
4719
7673
447
9135
8667
4543
5571
653
9895
271
3509
7050
5655
5179
4781
234
8959
9081
7711
9473
8309
7291
3547
3485
8232
7574
9790
7695
6299
6149
587
2479
2063
2240
5556
4208
1232
5219
4423
3207
208
4429
4873
4861
7888
9968
170
2013
8097
6240
1627
2459
9588
2846
4350
7427
4126
6961
902
1093
4752
7875
4353
3745
9683
1029
4987
3415
9623
572
9001
3739
4658
4503
9264
3879
2418
8686
5597
8264
7404
7777
9597
59
4522
8128
2891
9216
7889
8128
81
4271
4317
3329
8455
2333
76
1128
5177
6858
4980
6754
2389
7524
7239
7887
7801
5084
3582
471
5009
5440
1363
2637
3688
6975
8277
4294
9223
1555
8138
5771
5526
1495
491
4729
9422
1328
6048
6930
3802
1290
3508
8738
3283
650
5387
2073
2819
6634
326
7806
5633
7418
3118
4641
2907
1679
9641
1479
4055
5782
1904
3621
8720
9209
1228
894
7033
2509
8465
6473
9036
6651
6668
3719
1931
2625
9354
3038
1588
6204
1474
2589
1229
331
137
8107
8376
5850
1822
7742
1687
4568
2875
8019
9385
9887
18
4074
9421
4492
5039
310
8168
3852
8769
8982
750
9399
2709
282
2325
6602
9891
7850
4308
9315
2391
8389
9072
3120
2517
1183
687
723
4786
4467
3776
8648
4333
2043
2607
5279
3617
7095
1164
1164
4420
7377
1561
1155
7357
8977
3140
1540
5416
5084
4676
5024
3711
69
7496
1628
5002
6300
1975
3856
9623
7445
9066
4302
5205
2101
5065
665
7675
7045
2985
2796
6686
3144
4894
5014
6827
7916
5763
3540
8042
9146
5306
9701
9790
8751
4936
4263
4547
978
277
7316
5120
7307
1541
6975
8311
7259
5949
5255
3911
2474
3865
8370
2099
1880
8338
567
5174
2482
4801
7085
537
8434
5814
476
2138
9364
4511
6453
7164
801
6118
6697
6768
5669
7676
9378
1603
7919
6703
9567
1967
507
9629
5567
5281
6935
7602
7910
413
4369
9088
2065
6176
3191
6778
6685
1493
1064
4836
8946
2748
9495
8091
3109
6356
7167
1602
6430
4204
8959
8964
7255
5778
5233
5117
29
8804
246
5194
5203
1761
6601
6040
2795
1712
4053
520
3577
8890
990
7884
538
3082
7756
6819
2472
2416
6519
9211
8113
5333
1172
3705
1454
5404
1833
6286
942
8073
6749
7881
1247
5870
9633
7184
6146
3454
5296
1396
2303
6646
8025
7539
3214
1075
8426
4172
8022
8414
2645
7612
2284
1034
7080
9869
589
2895
4586
7390
9879
7766
9578
5503
2140
3109
6636
4667
3449
571
673
9017
7120
5123
6907
1466
7308
3632
491
378
6978
7660
8264
2528
5428
9136
5596
212
8789
9764
6595
3251
8868
7906
1517
4537
7068
2521
5398
104
4438
3758
723
7450
7740
3627
492
7161
4126
5613
2561
6957
2403
4207
411
2218
9501
7049
74
3004
7512
6423
5878
3684
3976
7422
149
9213
3605
2370
4398
4786
8233
386
5940
3220
6937
813
4787
1801
8644
8434
6085
3176
7202
9637
847
4661
7494
9299
5035
18
2447
2394
2592
8014
7880
7038
3474
318
3478
1278
3556
1756
1215
7774
8724
2017
8267
7191
5281
8687
2262
8272
4360
9078
337
2702
6482
4339
6574
5487
1719
4306
7335
4379
2339
5838
7794
7925
5340
9898
7339
4468
8323
7365
4878
4329
1960
9428
912
8829
6394
303
4017
6347
7756
4174
8034
3513
7676
5177
556
9135
3743
7990
9559
9249
4420
6836
5435
2886
4222
341
1851
5382
1348
7793
9949
6994
4200
6008
741
7053
3426
7745
9093
1415
288
988
6622
8164
7803
4281
249
162
9342
8204
725
332
7805
5628
9909
5124
3992
8026
4607
6052
8452
8635
4998
9963
4225
1039
9312
1668
4436
3502
5708
5998
8896
8144
8960
3432
213
7271
5082
9941
92
1688
6040
3143
7067
9617
9188
8571
6099
5617
3061
5400
3138
3041
2962
1653
5989
6658
3939
6763
4968
8580
5725
5839
2496
4726
1435
9661
6667
6476
4910
6721
2943
4665
5960
6763
2595
1855
2895
4607
1850
741
5569
8818
441
308
2860
5855
5181
7307
7443
3554
3331
8318
4972
1511
5962
200
647
2341
8181
9527
1903
9622
706
6339
2456
8472
7080
6199
9058
4134
3762
9331
4912
4227
3011
6906
5398
2188
1865
5579
4480
9360
9033
1355
3389
4624
9692
4449
800
2394
1207
554
6426
2323
8837
5946
8112
4101
7851
4388
8775
8981
8249
3309
9791
4000
3405
745
8499
9055
4802
8459
475
2601
5046
2543
589
9350
2950
7831
8779
2631
5398
6663
2926
3208
2904
2589
5390
7064
8794
1296
4336
7477
6804
5498
1110
5723
1563
9389
1219
8946
5949
1744
7591
2747
78
3825
7277
6293
5357
8761
1151
19
5608
6143
3583
1585
382
6583
1095
816
5355
1435
261
3506
4123
2997
5796
9547
1433
4865
7787
3561
6612
9832
6682
3653
9072
179
3129
9079
5312
9096
1707
33
145
4317
1869
660
1915
9524
5341
4980
8293
402
3591
4514
1483
4084
8624
7081
8028
7729
4860
491
974
7590
3406
5776
9461
9929
2513
203
3453
2015
5504
6259
9727
228
3361
9805
1128
5135
7632
1908
9524
2806
5267
6210
6241
2168
2170
4987
1555
6048
1051
7582
4236
1216
9058
2555
910
6092
1199
1985
7011
5138
1526
6277
4897
7332
4786
1255
723
8818
5952
2892
96
2951
966
8167
2322
7196
9534
7293
7759
7525
8647
7405
964
7921
2022
8511
1169
806
8895
5035
3936
5647
4896
4386
1280
8990
1312
8909
7381
914
4264
2736
95
8158
7486
1284
250
891
232
3714
6558
3905
4225
9486
6490
4121
5312
6976
5309
6275
86
9917
9923
916
8956
4448
8054
6579
6887
3331
5884
625
9911
6844
3260
5911
7309
2806
435
737
8260
277
573
5181
8477
30
1421
5410
7896
7158
3677
4336
3599
1106
828
4347
2813
9178
9201
3037
3230
3670
4003
6900
7830
5932
3994
7380
6225
578
6811
2506
6541
4571
8014
9808
9343
4741
2439
8926
3027
2644
8683
9728
9654
1548
7026
8805
6016
8913
3097
8130
3604
7397
7507
4590
6273
3672
7351
2545
6036
4040
9184
7317
346
1171
7794
9027
3091
1019
5003
8071
6739
275
10
585
4987
4275
7246
6281
8906
5188
1364
7311
7481
8681
8901
9143
7064
3423
3534
5670
7390
9894
2889
8986
3459
1365
9382
8482
3753
7998
5714
4996
3910
5025
1391
3328
7387
6921
9603
1998
6426
1069
3638
848
2676
1873
9836
1665
2270
8651
1963
9667
7484
9332
681
6845
7386
1023
7126
3621
4893
8764
2528
907
9473
6368
3401
2455
7290
5572
1756
142
3820
1536
9244
6321
6255
2041
6310
1585
1528
7716
6212
5102
6034
6046
7511
4577
4344
4546
5942
6363
9795
5981
7105
7661
8540
2731
1374
6307
8471
7381
4375
6697
6894
1821
5847
5948
88
4359
589
5344
4713
5540
2092
7176
2552
7426
4872
3427
8856
8823
8110
2743
9630
5393
346
7838
4431
1582
7780
3524
667
2
3114
4147
3341
9514
8207
4213
199
1563
4489
9984
3956
597
1650
4254
3889
9928
5109
1113
7858
7947
7451
9647
9270
1631
7067
1501
1474
8008
1517
8505
6579
7065
4677
4710
2426
7944
3835
3037
9219
659
3227
7293
4334
8125
8787
9032
3742
6092
3949
4502
6473
6667
5665
2720
2551
3466
4876
1709
2447
6706
2738
2191
46
5984
3405
6890
5920
6940
1828
5944
6093
2072
1894
7199
4719
158
5313
1144
2843
8035
7758
5382
4058
7014
2032
9912
1400
1957
2158
8960
3067
2125
590
2513
7920
1035
7247
8350
4720
1896
3111
6802
4263
8005
8409
4400
4772
8465
8000
2393
8152
3732
8865
4411
8947
7356
8132
3031
3951
3493
5490
3963
4781
2868
2876
3967
1481
9381
9279
3683
2911
6962
6424
947
4923
956
1118
6053
8605
7631
5139
2934
3956
9765
807
9335
3259
6178
3565
564
2903
4215
4398
1226
6406
9148
2021
1395
5129
4441
2918
5390
9186
4316
9482
1189
7307
7918
9487
7990
6237
2079
4425
6320
8353
2555
6
5015
2060
3540
707
5303
5815
8715
780
8695
2564
5197
4540
5775
8935
9723
924
4163
4712
9748
3748
9640
283
9617
2028
5341
6690
5574
4326
823
9789
8078
2872
3851
9141
7005
9334
1588
3734
7615
9575
471
3535
786
8625
2109
3378
3712
9055
6514
1154
261
1607
8605
8806
366
4731
2443
1511
5366
8612
240
4388
9956
8905
4486
2325
689
6634
1929
388
9335
429
7096
173
3277
6104
9496
992
9918
1963
2978
6519
7812
9668
9528
6470
4267
5044
8775
2274
6891
76
8367
9003
9334
6082
3578
1881
4139
9784
2688
7078
7126
6125
1819
9832
4511
8431
5529
4262
5234
1451
1593
3403
5633
3721
6575
288
9377
8016
8057
5645
7859
9654
3496
9258
2061
8093
839
7194
2525
7615
6852
134
9274
5900
9392
1686
7849
9695
1958
5835
9514
4512
7039
5440
8483
4964
3369
5612
9506
3290
2504
6122
1726
7043
9219
7471
2629
2560
7770
6418
7592
8334
1736
7619
4598
1458
4129
9733
4329
4889
2438
9681
6057
2221
6130
3346
2615
8055
775
7097
4723
5226
7688
9234
5111
729
8408
2230
6681
1921
9057
5289
1925
5540
8243
1180
2776
9420
842
7025
835
3636
1283
4617
852
2823
65
9504
913
5873
4856
4573
1785
672
1694
2365
646
2502
2507
3868
3050
1899
3052
2408
5831
7149
7755
517
3978
4949
569
3194
7213
3749
6261
1087
3943
3070
8382
2288
664
8903
1316
808
7064
4483
3503
1252
3845
5878
534
274
6912
6974
3975
8936
583
8875
8785
3702
5067
9548
5526
5964
5303
1662
7360
8035
4411
607
8421
7575
4119
219
3203
4146
582
2244
5343
1348
3645
6502
6671
8099
4414
295
6281
239
9774
7325
503
5068
4284
4679
7220
1115
3377
5351
5504
5402
7122
5468
6841
3237
7456
2958
6154
6693
3770
9828
8353
8339
3531
7437
56
8565
2876
7426
1549
5007
5380
7121
8261
7085
104
3353
3291
9440
2999
2088
769
5231
6739
9941
4225
8177
9660
3433
643
1455
4141
9588
6469
9945
8971
2163
1536
6846
4622
8655
8238
5950
3802
497
21
1
7206
9756
3133
4102
9667
6713
3694
1681
9059
3122
1600
3590
3212
1879
8904
9442
6783
93
865
5792
652
8316
8113
7940
1817
6444
4817
4343
3849
4819
1428
6241
9919
4224
970
9904
300
6540
1788
7427
5894
4787
885
5849
563
7945
3634
2743
9751
8795
9166
3708
9631
4229
9348
8890
1642
5192
2285
3223
1896
9350
7832
4240
1693
5358
3670
8988
908
9000
9142
242
8305
3437
9898
5865
7430
2264
7377
3871
2809
2074
4592
5053
5652
7720
6609
5690
4875
2080
8261
5108
4254
8565
5531
6543
6954
6645
4155
5204
4274
4646
1835
750
9653
8923
5403
6193
4331
3483
1460
9378
7814
8414
413
9821
4757
2778
8588
3973
8748
7980
4112
8827
738
4033
5988
9739
7905
3354
8910
785
8109
2173
9596
8163
238
3841
5399
6728
2317
416
1359
1391
619
8883
7293
5840
8152
5709
1785
4175
8057
182
6455
6294
533
3007
12
5619
2935
5663
8288
976
4572
675
1269
5641
8817
2250
9583
916
7378
1859
1655
8332
6621
2721
8208
1855
6740
148
1587
2195
1568
4735
2727
7926
5717
3302
7629
7230
3829
9780
3792
6654
2128
382
6818
9944
7614
1651
7022
5902
6126
869
6796
6197
8526
8122
9672
7812
4799
8157
8879
2787
4075
6092
9408
9837
7947
3342
9924
5515
4620
2352
7086
7598
8067
5000
6204
6239
5903
8263
4240
5088
3125
5685
6069
699
7938
6530
9399
7594
3629
9817
2431
5672
901
1005
2579
6035
973
6980
1996
4272
1727
1506
1281
3774
3783
9198
8130
3525
1917
3432
1908
6535
3916
3790
9661
8389
22
8709
1899
1416
3942
2329
1885
4802
9921
1413
6697
7061
2421
168
5265
8922
6266
9968
3360
1619
4403
2295
6915
8740
8400
5873
5676
196
7908
5895
1755
7110
1343
4189
6013
2264
5080
580
329
9398
9620
6478
3853
2369
2500
1068
1104
1749
8167
2986
269
3948
429
8042
3985
7727
1793
3159
3016
8069
6652
1689
6894
4025
9658
9587
5717
8232
4155
3001
3841
5686
9638
3962
1998
7925
8442
4546
6239
7331
4769
3927
2029
4922
5626
7807
6680
3301
203
8285
471
1921
7563
2260
2746
7931
9584
9827
2710
2913
5350
2871
7593
5166
9144
4582
4309
6467
6043
6060
9285
7246
6919
5685
3299
2724
9659
1972
8399
1850
2906
2416
8028
5869
2529
1920
8123
7378
1215
4066
8341
8614
1835
3326
1980
1897
6334
6863
5777
1043
3498
213
7257
4143
9000
3224
5001
1878
8960
21
8272
7611
1428
860
6
2934
4843
1723
2636
7223
6459
6930
5251
1976
7719
670
5410
3593
3704
1401
6390
2796
6194
7355
8352
2693
5158
3884
6869
9305
6918
6244
8417
1194
5794
729
7186
975
3319
9046
7054
4610
4227
8553
4583
6567
4961
5281
6424
8329
7814
1408
8174
7559
3631
5475
1417
4072
2507
7313
7775
958
4854
3330
305
214
8513
4057
6181
6989
3484
4435
273
4657
4347
1779
8569
7640
2771
1785
7732
9877
7460
8539
1491
5510
8070
858
7562
319
9312
3114
8467
6006
1271
6095
9756
896
8248
4369
8053
904
9099
9434
4845
3378
1135
3516
3211
1851
6906
3776
1300
722
9580
7897
3497
6314
1839
4795
2143
7654
6494
5862
7677
370
5967
4266
3385
8251
2023
7673
9392
8402
3731
6828
778
8026
3693
8112
4374
4553
7647
5711
3412
5536
1813
7745
6425
3373
2598
3441
9056
3453
2225
399
4409
3236
1756
4475
7411
6869
130
4959
9828
9233
4383
2897
6990
2752
7119
5470
2620
3727
420
7590
7
783
2449
2141
8556
8222
7840
12
5653
8581
8616
5938
6177
3332
2418
7541
6270
9217
700
7505
4422
2687
5882
4179
1152
8915
754
3673
6253
7127
820
5328
3032
4635
391
3626
787
9614
5919
9189
9028
118
9306
1247
616
8445
6720
3658
334
9578
9200
3403
3026
2915
3167
7320
4900
8270
989
9640
7467
4167
3759
8526
7760
3287
2906
1542
2940
8792
6754
6655
3298
1511
8476
4304
3381
4635
3562
2707
2195
7096
3339
6674
7926
7417
2302
117
1467
3071
8726
2516
8625
6278
1721
4861
6359
779
3486
7329
5538
5178
717
1542
2824
2545
104
1514
4438
8862
3939
264
4708
8282
7445
371
828
7084
600
342
985
2788
74
9869
65
4237
8030
7019
9790
3614
7945
2601
1148
6233
7168
7017
6379
1796
3849
5380
7313
787
5678
2605
9132
8461
7808
342
8833
1350
4033
9274
179
3144
6343
2750
5103
847
1476
8587
4515
3085
1724
823
917
1338
9116
8474
1114
427
3991
9031
3234
5219
3029
197
7110
7469
737
1604
6428
7687
8185
8439
9581
8670
2421
8004
9889
4417
1913
5531
320
5262
865
4227
9062
4854
1688
7794
9344
9333
9228
8405
7358
5002
6040
4960
114
6145
5640
7634
110
9871
2158
6828
4899
3285
1242
2246
8917
1112
8585
6696
8514
8460
8710
7971
4353
8801
1135
2255
5781
2943
2259
7095
8459
9780
1081
4579
2630
7460
7889
3743
8777
4278
5420
448
3104
4037
9328
5777
3612
9441
8877
8232
748
2531
9891
8898
6291
8068
606
1313
5010
3384
1853
7167
7611
5063
8368
5119
2204
6663
9616
1456
3223
4841
7919
4235
3039
8261
4867
316
9473
5357
8643
6339
4066
4027
6346
5927
9888
2182
8287
4561
6853
6575
8733
5392
2425
8253
2836
8040
5668
4209
3573
6949
9825
7420
5008
5907
4612
5655
5858
8029
3201
290
1840
9652
4741
5513
3101
3584
8717
2441
5230
21
8375
5054
4603
6647
6107
2526
1809
4786
5425
6826
4647
5263
1784
1694
6514
6645
9018
438
1315
4232
6324
258
1360
6563
4735
9081
651
6911
5152
9252
9323
3227
8978
3552
8573
4771
2817
8361
9800
2086
3845
1072
2604
6374
5642
6576
7867
3047
8999
6455
4565
8278
1125
997
3696
8116
3693
8040
1912
7026
1875
4898
9634
6172
7502
1420
6285
8232
3120
1742
3828
657
638
9228
387
5251
7654
4986
920
8158
1213
7603
7911
8696
4686
1045
2101
7981
9855
456
1077
4777
6448
2773
211
8947
1438
6431
8871
4221
291
9635
9927
7256
2627
3908
7639
1897
610
8444
462
8707
7119
3753
5813
4271
6986
937
1486
6457
9319
8304
8376
2663
665
9051
4208
7864
9017
1439
3813
1222
6114
6698
7867
1577
7676
654
6069
777
3405
204
7370
1410
9993
2370
7657
2694
6960
5939
1960
500
4945
2414
4902
1987
1258
7263
6591
3575
9699
9774
2879
9170
4631
9240
2592
420
5885
4235
6595
6331
4868
708
3051
9114
933
6966
2669
8294
1393
1513
904
3078
9478
3312
6276
3700
1796
5880
318
412
4063
2493
1078
3631
7325
8199
6778
753
9778
7237
6809
2724
9344
5629
5632
4237
9362
5787
1053
4292
4593
8296
2182
8186
8870
9800
9692
1318
2963
8891
8624
5
3917
6182
2268
2374
9630
9420
1789
2733
187
1916
8516
4156
4704
8180
3734
3849
7679
2039
4337
6008
4826
6026
5818
5766
311
2891
4760
7524
8507
5460
7789
886
8612
6803
8807
3161
3361
3258
4606
9942
3997
8319
4104
2677
9780
8026
3481
689
6066
5842
3638
924
4554
2615
5178
7890
363
6501
2063
6738
4659
4265
4226
4727
4126
7630
5543
7901
9373
572
488
4421
7432
4395
2011
6507
1922
3141
5986
2285
9410
4071
1457
2664
1821
6865
6331
5997
1625
916
2797
6859
1194
7868
5282
9732
4093
9377
8550
2149
2482
5580
1316
5493
5354
9217
3491
159
604
8671
5968
7222
515
9778
7327
588
2807
1562
2905
7261
1298
9546
6275
8456
7774
3628
3226
9563
9112
2278
2413
2545
4591
3836
9802
3830
2754
5964
7309
2604
3373
6172
5392
2953
4948
5575
6344
1416
540
4694
6924
2531
6471
1288
851
2935
9304
2860
7718
1725
5990
3927
1046
8325
6257
3423
2630
6678
9975
3497
7834
6843
4252
301
3888
5125
4154
3322
3508
2199
7284
1810
9023
4417
5354
9882
6073
3302
2985
6867
4525
9893
8245
5583
6614
9445
5126
7067
6696
1524
2944
9665
1440
7043
6860
81
8278
6170
7400
5725
8781
5982
9352
5519
4441
4179
4904
6628
2971
6374
7349
9328
3692
3108
8971
7940
8598
8668
3686
4442
9999
7086
6625
1983
9254
7619
369
1979
7557
5273
1604
9903
5901
7260
8085
8543
541
2725
1142
2434
4540
8497
4095
321
4174
3615
5973
8332
8071
8919
1483
9610
2483
2958
5725
1694
9356
7368
6265
6822
3810
2925
9071
7698
4770
7446
3427
6432
5023
428
7398
5872
7526
1252
9901
1502
2991
6303
7808
5638
1645
2037
3908
8637
3789
1993
7419
2942
1534
6390
9186
3173
6460
4320
8623
1615
9426
6397
5551
6728
188
9541
3308
7642
1521
5610
2084
1231
3056
4223
8703
3053
9559
626
5176
1773
9016
433
3908
2776
27
484
4897
8632
1242
4225
9412
3205
2628
8286
2076
6593
752
1080
5450
2104
8728
6265
7116
8179
9909
6187
9886
7310
7687
6133
3613
5833
9144
6850
2599
8992
2489
2774
6701
9703
4643
4676
6400
7296
6198
8878
8603
4770
2147
2110
2300
8479
5176
3071
3044
2750
3317
5729
2866
3839
598
7586
945
5108
611
3578
4061
5777
5686
3083
4104
7978
4379
5746
7461
4051
9865
9820
1980
1031
7584
5115
5163
5577
3833
5133
656
6072
3805
9848
5675
6760
9907
2861
9105
7057
3731
1291
6684
2619
4817
2825
9083
9063
8005
4321
4100
9430
5610
8992
2885
3496
3748
1835
6255
5482
2423
5367
1275
5478
2922
7988
1971
5838
7408
7344
8070
1517
6640
404
320
8573
3136
9360
6213
4758
6032
6099
7571
9511
1033
1226
462
4812
6962
2178
3011
8072
6606
3622
4633
8363
16
1205
9697
6829
854
3244
1655
661
6250
2582
2789
5206
8672
4312
360
4387
5621
1496
9450
6324
7796
1764
4445
1696
7525
7158
8876
5229
4332
9998
4911
3017
5770
1957
8557
1930
9663
9384
3904
2787
4443
6909
3260
8450
8436
5255
6140
2649
1818
8623
2450
5109
4172
8309
566
8251
6760
8001
9303
3695
4368
6426
6328
6252
7670
9771
9435
6715
5755
8429
4724
6236
7592
6662
1880
886
8503
5994
3259
2269
1018
6226
3411
5708
7548
9802
8845
7460
1390
305
5169
1661
81
208
8419
8017
581
7008
780
8664
5819
9424
6894
3388
3899
6213
7516
7510
6429
9680
9748
766
4741
7033
2677
8141
3014
620
8704
7867
926
1975
5325
5450
3260
3063
6155
7383
8243
3863
305
1494
5214
4595
6449
1593
9332
23
1809
1334
2286
1335
1031
1709
556
4403
6919
3047
7531
277
5002
9960
8304
2912
7737
3844
4099
1444
127
835
58
132
9266
2565
9374
8253
5552
146
583
1083
8809
2991
8810
7369
5581
9591
943
3615
4893
8856
6144
3107
9852
7966
8860
344
3190
2301
6858
2605
7494
7887
9895
973
1275
2153
2068
8465
2334
2303
8850
6772
2464
6448
1467
2011
1150
934
7330
8145
2901
483
6551
1270
4691
6950
280
1299
3705
9030
5063
3250
3288
7978
3589
921
3095
7837
6093
3427
7523
2477
1280
2589
6
9371
643
3404
6499
6848
9194
2255
4971
8712
9703
7010
1336
8624
6281
4325
1873
768
4760
3304
7239
5600
3484
4486
2858
545
8916
3312
4840
3902
622
424
9202
3961
1264
5320
6307
6876
4800
6857
9835
2808
8279
4575
8274
6579
9585
4471
1555
1768
1554
6754
7717
7976
5349
4405
5886
6157
545
5953
7932
5882
7414
1068
8090
9279
7807
7375
7359
960
8017
4996
5967
7902
3469
4431
7320
8909
6211
6279
960
4445
1756
3072
2348
3867
2707
1226
8611
6858
9434
150
6330
8847
8925
3953
5393
7211
6484
8995
8771
2210
7111
595
3750
6557
786
9814
4507
917
7085
6976
9946
4266
4993
3487
4125
4342
8719
4222
6572
6580
8763
500
1526
7867
8665
7120
8977
9515
9038
109
2424
7215
7507
8750
7333
1161
9321
5790
3081
2892
6719
7693
9773
2457
204
2064
3854
5438
9828
1051
8491
2261
2423
2191
3446
6610
9068
5883
7891
3666
836
4991
1879
6975
4551
2730
6758
6243
6153
2963
5020
2928
1141
3679
9860
1070
726
9068
7663
6601
3266
3539
9687
7986
1617
163
4792
5316
5303
722
2092
3438
7899
9415
2055
1727
5813
2798
7905
7473
5306
7610
9284
6864
6030
5562
1120
8743
2330
2376
5884
9999
8219
1290
399
7297
5304
3893
5357
4388
7938
1442
939
5431
870
1582
5029
1726
1623
8133
5256
7928
1163
190
1294
5655
4254
2822
1955
6055
9042
6048
2985
2927
4838
2093
5218
6608
9015
4758
6423
1920
7440
3516
9534
3863
6671
3853
5993
4448
532
9393
7120
4197
7119
7955
8836
8029
9995
4744
3042
2481
1937
9302
5346
1890
8457
8011
592
8777
6363
8421
2711
6864
1709
3335
488
7646
655
7431
8983
401
6829
7507
5522
9649
8927
8788
5807
6883
3256
7189
6613
4270
1716
3941
9983
8138
8170
7644
5406
8659
3261
7215
8084
2111
6682
255
2487
3783
7466
1190
7373
2564
5760
2640
5652
4430
3779
5697
2962
9668
2204
3709
5521
9174
1807
8441
5148
7768
3352
2350
9475
3010
2024
324
7140
9614
9422
3410
2966
8671
6301
2023
9416
2066
9815
4049
8509
9075
8289
5553
4358
2473
4681
5737
6455
9552
1694
8910
303
8241
5106
4719
431
5116
1714
4362
539
5436
5500
6038
5007
368
2730
4290
3367
180
4292
3454
9358
7758
9931
6073
9478
7799
7991
7002
8329
6287
3869
7588
7919
511
3107
4725
3565
1581
1592
4299
351
5452
3509
3073
3574
2251
545
3989
9743
390
2370
6274
5259
8239
9552
2544
8309
9033
5240
2632
7124
4712
6033
4251
1567
7912
8118
4495
7261
8004
725
1785
8588
9992
3102
3905
4248
6858
2498
7227
7253
4001
7259
7938
3916
7594
2328
9680
959
562
6416
4531
6341
8960
7174
5639
9419
9257
1505
5662
4133
6049
6728
1738
9664
584
7686
5266
5136
5646
8296
1451
6534
8013
5378
3123
7452
8094
335
3972
5583
8437
3536
6699
1588
6194
5444
9628
2817
7463
4486
4990
5352
6836
3094
1203
7273
5520
8274
3331
9908
7062
4544
5312
2266
4964
7996
8328
3581
4051
8187
1324
8922
7532
79
5695
2513
29
149
3470
5140
8058
2448
7673
1160
3305
6098
9698
4919
4174
5850
1932
9820
7003
4064
8521
3893
8224
4433
6623
8197
7115
6046
8766
9275
3161
6068
7820
6756
7398
8690
7244
5370
4803
8191
1850
4613
6871
4151
8960
8866
8298
3409
9407
8201
6255
1504
1919
3467
1558
1802
4288
5595
3525
5272
8024
2011
3682
8397
7999
7236
8278
2941
7520
5484
8605
6561
5016
8811
2214
3908
7022
4072
5472
7757
9899
3706
6639
564
3020
1656
4148
4352
5198
5596
4401
1648
1844
9531
166
9838
930
8474
6152
1724
587
5356
5888
3922
9595
9693
6488
3107
1253
7650
4780
216
123
5768
5373
4318
5372
3118
5376
6343
3088
3926
7743
1924
1082
6957
4716
5485
8645
2376
2977
8547
7920
3748
7170
4543
7817
2716
969
3327
5167
1041
3098
7548
816
4185
1524
6076
4157
5848
4465
7812
3097
9809
8635
6661
7613
3964
2839
2638
4977
1003
4462
8877
4672
6232
2296
6375
8598
830
6500
2656
2148
2049
1175
2046
827
194
1107
6897
5432
8639
1327
2797
7910
5165
5450
8111
5112
508
6929
3853
9876
8331
8349
4164
6579
4221
2876
4583
1889
5149
7478
3327
9348
1809
5663
1048
8634
6589
5834
7418
2856
5942
7205
6337
9676
1664
966
9507
782
4184
1263
8089
3900
2646
2779
3817
3699
7010
5467
6605
7318
6523
5008
283
1161
7999
3448
6100
9501
4401
9476
8523
4674
9511
996
3934
1126
2011
4488
4914
3255
3369
3801
7704
3885
9388
9427
6701
9030
1845
7349
1623
1121
9228
100
6333
933
6921
5176
1676
8216
4865
5
6380
4707
2740
3415
4388
1650
8845
2691
1687
2521
553
3350
3949
2722
7304
6397
1772
8572
6747
7070
7656
7052
7853
7401
5446
9410
4663
3000
4204
6834
2812
6698
8389
3364
7421
2996
1145
5973
5038
5050
185
9153
5661
9102
568
5877
6151
3611
3629
523
3404
3104
1468
7795
2348
9328
6854
5338
7969
4977
6987
5844
8487
4853
9709
3855
4961
585
5300
4308
5252
5798
3533
1697
6885
8502
1391
8751
6833
9568
3259
1052
9371
3681
3430
9708
5229
593
1015
8092
6141
5807
8004
60
8063
4340
666
808
9392
6712
916
5566
8310
9321
5271
7606
9570
9771
910
3846
7937
8103
8505
8401
1718
5935
6472
4805
1423
1
8625
4367
9569
7208
8166
9445
7794
3473
3633
2544
7836
582
9358
120
8652
7693
2742
50
8410
5824
137
5458
9683
7169
155
8038
7302
9603
8342
2127
7867
5860
9384
9391
8087
6548
5996
1101
1154
5825
9811
6097
6137
8365
6010
7354
8745
8384
9748
4025
3193
6422
6395
5599
9863
3167
4684
2400
7053
128
2143
8191
5130
1505
4677
1975
1198
9967
2033
2103
1696
1640
8895
2584
6012
4040
9320
1318
1159
2800
9292
8917
9854
4317
8934
1445
9465
3785
9527
4919
1863
3595
4048
1026
3682
1620
966
4631
3688
4034
6156
8777
6350
7645
2328
1552
7526
3810
9586
5823
3847
3366
1241
4252
835
3225
8336
813
2571
3231
2509
7412
440
7113
240
8101
7592
7869
8901
4391
3073
4688
7629
7124
6644
515
2566
2209
1988
7382
3918
5654
4199
3703
1072
8496
2354
9795
191
457
3283
152
2060
456
1525
8744
8337
9236
7404
4227
3960
9657
4909
5195
2750
9158
5736
4117
7608
320
658
6127
8824
5188
9313
6854
3213
6736
6041
1743
5746
7796
7677
8443
1107
2920
2628
7173
5599
7899
2177
3329
4804
7761
3421
4260
745
9003
952
1914
2760
8236
2187
9871
9799
7156
1328
6871
1143
4670
5531
1600
3195
5661
8480
6163
1980
6465
4087
9830
6530
8563
8518
9708
8142
7328
1322
1063
1767
5052
6109
4209
5784
4127
8983
7510
5609
7806
8644
3951
1592
5756
6030
928
2368
576
134
9143
9281
7257
2280
4280
4916
1122
5383
4196
9718
2478
1728
2470
5833
264
5104
6090
8561
1321
5816
9067
6678
969
554
4173
7820
136
8237
773
2533
7589
7339
7566
7193
2179
1782
4509
2771
1828
9292
4661
8743
4786
7792
3130
6077
6173
8117
1327
652
9939
2367
1047
4759
1066
2464
8311
6702
8106
6459
4779
2884
4610
1663
2128
5139
4161
5277
3653
8482
595
3319
6732
2028
1155
324
1891
3177
7424
8096
1647
2018
6910
121
2593
5222
6292
2807
6127
9714
3470
7806
4664
5369
4513
1777
4133
3123
5664
7990
1915
896
4463
2845
56
6620
5635
9018
3604
742
573
5133
9278
10
4811
2761
5974
4488
9069
6905
8846
1354
9149
3939
5011
2788
8654
1362
7515
9378
6191
8768
7513
9433
6180
750
7555
4064
64
5973
9587
7274
9202
5385
9141
8337
8528
4653
557
1751
5802
9644
4053
8758
9144
561
1746
524
7834
7268
7965
4272
1502
4226
4551
1804
7620
9844
3830
4061
5205
1909
4424
3095
7318
1572
2152
3764
4797
6674
4260
4000
805
5763
3575
6546
4714
8754
289
5619
9004
7031
6230
2796
8008
5314
5771
4976
834
7337
716
8683
823
6496
6546
3892
5219
958
1439
7571
8409
7982
5726
1159
3007
3964
3467
5738
650
8004
7090
8865
9555
8211
5057
8174
5679
1628
5086
2003
5801
7175
2929
7460
5957
5577
3177
4308
9217
9682
1327
3756
7315
2718
7210
1021
1304
5070
9789
4044
1847
32
4325
2830
246
1850
9128
2612
1439
8371
8213
3591
5871
9435
1769
1233
5052
8266
5202
7429
786
9158
6521
967
6677
3333
1550
6836
1000
4035
6870
608
1839
1042
156
5769
2849
99
7213
4106
6449
565
2869
845
1469
7735
7884
7879
948
5976
5968
3037
9868
2359
3257
2689
3511
3357
6152
6913
300
2291
1611
7403
1501
7604
1752
4828
9279
6000
8383
4953
1053
1095
980
221
6289
5675
9498
8941
5449
3670
5887
5024
8067
3832
740
9479
7785
7467
2258
9491
3946
300
3806
4157
8954
5465
9344
3864
5982
3056
8600
4948
7593
1014
1984
8773
1379
3035
6400
7835
3859
7211
1463
6629
6404
6586
9336
7668
6864
2273
7042
1812
3742
8891
1006
753
7289
6822
1267
823
6331
5633
2958
2393
5070
939
7431
7052
1848
1966
8100
4750
1066
4422
5632
6735
8836
7176
7753
2367
6129
1675
6999
3709
6013
6787
1206
8701
8
1231
1484
4556
1768
5576
1504
8225
4252
9070
1559
5465
9155
2283
5819
4897
4172
2292
745
9319
3259
4271
1916
112
9068
8899
4693
4655
8634
9249
6379
8282
9732
8729
7044
617
482
3543
2981
5490
2918
7407
2482
9765
5617
2288
3211
3846
5856
2102
9537
3720
6042
1886
5442
5736
9314
1371
5487
2869
882
6848
9591
5003
2691
3276
5732
425
5239
5201
4414
629
9311
5255
6401
5851
1788
2150
4495
6780
5687
847
8798
6531
9711
2658
2240
7846
3287
1307
1303
9111
8056
112
4607
6069
7816
7479
7074
2340
6556
2785
8606
654
7687
8907
4409
787
5485
9590
3948
7163
6876
8707
7181
35
8049
3059
5291
32
1035
7885
7138
3931
3898
5303
2573
9199
647
331
8035
4308
5076
2154
223
2901
2240
8144
8844
803
8249
1453
2361
3696
7359
4139
2234
9348
2930
4572
8020
4756
2188
7042
1305
8670
5647
4675
6756
2383
6334
5210
139
5154
1555
9639
2087
4722
8483
4279
7794
9905
4214
4487
1783
9582
5524
3441
6572
9758
3069
3224
6268
6075
2311
3278
2120
8033
849
1553
7254
7565
1387
6461
4469
3038
1314
7206
2141
7719
2052
7512
865
8651
6777
8114
542
7700
5259
1722
3145
2206
8103
6997
9314
3110
8941
4063
2843
8276
7518
4053
3873
6930
7024
229
8518
7752
18
8744
8268
8317
1299
8852
7706
5556
2359
7617
9298
4196
2736
4420
2774
9126
8407
5048
9461
4389
7147
1358
4097
7250
4363
3865
201
7998
3639
3935
1626
6548
9596
2789
7682
6515
3454
4828
906
9251
9291
3757
751
1324
4765
8646
5539
3098
1279
4747
8522
1976
767
4128
605
8659
4646
1017
3953
7433
8651
9707
1917
8424
5991
2750
4600
9946
6737
6259
5671
3579
4141
210
5097
3389
607
2772
2485
5717
8325
7102
6719
8892
5412
9649
5780
5467
2184
9022
1868
2437
874
3472
599
9583
1840
2327
5333
2014
4045
5592
6360
5019
9075
4943
7834
556
9030
7215
8052
1873
8531
8236
9108
1548
2988
3025
3011
6341
6969
9133
7762
7715
4391
3233
2705
669
9610
5514
1549
8279
7439
471
1671
2732
741
1699
9816
469
1815
5223
6436
4968
969
9994
3906
2637
4364
9051
6595
8815
9315
8991
5044
4912
7830
8645
628
5842
2238
7165
946
3516
5665
9772
4434
8060
6564
6375
807
1288
3208
2542
4526
1746
2696
2794
6745
4396
9327
67
6304
559
8918
2734
8964
8447
5426
6759
4902
2096
1071
3973
8231
4649
4277
2920
9303
1196
5560
5845
6073
7989
8244
5306
5606
6773
4465
3298
2216
5036
1899
6232
6515
2170
860
386
4597
2931
808
5986
2634
9805
1472
8711
217
9235
4311
9876
7468
9776
3491
5549
8836
3481
3994
8315
2315
3611
7128
2191
3982
2127
4543
9866
196
4838
7458
6060
3789
3890
8322
6372
387
9573
3211
6268
6516
9533
5089
6370
2461
4588
5830
2439
1544
6350
7395
3033
8176
2544
8071
986
5802
8617
2004
506
5262
1605
8514
5378
1776
8251
6087
3577
1453
7119
5161
9262
270
7725
1799
2782
8522
757
9729
9393
6297
2103
8321
3845
7443
4425
7883
1244
5819
7335
569
1770
7569
2704
1006
4910
1018
9710
4594
4210
8501
2252
985
4425
1189
8132
2763
450
745
5289
2464
5044
8887
2610
4209
3158
3284
4668
7935
7351
367
4843
7758
4118
6549
3390
1693
7565
6719
6888
1763
8811
6163
5519
892
4045
1117
3895
2656
9310
1661
7432
498
530
4871
5524
2882
4958
8495
7847
1626
6349
1775
7242
3842
3657
4493
6867
7876
7798
6439
5198
3731
3857
3525
3652
8881
3368
1718
163
2041
9388
2012
8625
5690
2934
4344
7228
9246
1024
508
6735
9069
8872
5262
5414
7036
8921
1677
7234
9551
4249
6019
4858
2871
6463
3701
6641
7004
1219
6643
9514
3240
8331
5805
2237
4337
3150
1552
907
9313
7265
7621
6851
7290
9704
6128
4858
8594
8111
6616
9960
1691
4483
612
7792
3369
7153
5754
9226
9233
7702
223
8026
4380
993
3494
737
3067
3024
1076
3886
7368
769
7920
2285
6627
9167
7568
3166
334
8843
8046
8892
4603
6683
7823
8756
7719
8012
8868
7183
7395
2325
1674
1610
7042
9595
2470
6296
6209
5391
1790
5570
7035
2730
2591
921
6562
8326
1165
4201
9585
2587
8892
389
9655
1330
3423
7697
3170
4738
3017
5055
4155
3892
6490
5042
9095
6310
5243
7031
6696
1271
6957
4943
7052
2476
1857
1872
4092
6901
2193
9392
6846
4666
7597
4808
3433
1284
1954
5711
6171
4773
3126
1470
2373
6735
1414
3142
6239
7548
1826
252
3083
4133
7505
8314
5629
3948
3336
7179
9472
1550
3605
6268
2545
3625
8208
9489
6294
1681
1608
7810
4355
9532
860
1922
8145
5487
2569
317
1061
8715
5633
6543
5075
1940
6309
2713
7161
9283
9178
9485
7948
4775
6238
4621
1168
6857
8925
8748
8527
1925
6847
4558
5939
4016
5897
3551
3273
5582
169
142
1379
3019
6118
757
5917
7062
1193
604
7315
5494
2328
7011
2502
2123
9862
9579
3293
6239
754
1287
6561
3821
1790
9135
1868
1074
603
1058
6042
2758
9440
1578
9114
9036
8105
4929
8656
5481
8703
4106
5664
8320
1433
3032
9597
9835
2055
3816
4154
6317
257
7034
4827
8882
3580
7557
1228
6982
8889
4842
6458
134
4561
4557
6054
749
7897
3466
4017
4933
923
7812
7535
6648
5622
8241
2388
8757
9538
2032
9019
6787
6904
9724
2500
2406
6750
232
5455
548
3700
1674
6592
3860
7647
5529
3758
6876
6977
8847
1938
8588
9798
9221
5394
2445
9498
8179
3259
5339
5169
2470
7444
6856
5823
9671
3230
4837
2056
3648
3999
7665
8011
3469
1232
9249
1220
3674
9001
93
4482
5512
1779
690
93
430
6989
7683
4330
55
2907
8571
6972
115
5378
1229
4229
9735
8037
7975
2298
8921
4819
3329
4848
4273
577
6328
7988
6145
1225
5823
9177
3165
857
9657
690
6753
6763
5392
2682
5547
506
2001
740
5427
692
7896
8091
3
5019
1485
5637
1025
7794
5560
692
8450
5842
5819
9853
660
9694
8184
8829
7084
9393
3807
9257
5720
538
7476
2971
2645
5293
6751
8414
2818
2589
9420
3581
2680
8236
7985
1126
9740
186
8152
5371
5296
8965
2240
910
943
5538
2021
5853
2321
3171
3656
6034
6885
8638
2370
9464
7542
8513
2992
5732
1043
7145
7873
5861
6421
2238
7173
2423
1708
7058
9089
6898
1241
8435
3960
6755
8298
6566
2027
7106
3271
898
6093
9647
8932
3386
6696
4041
5865
8521
3583
1226
7193
2419
4327
8151
1091
6379
4489
8704
8365
9597
4144
5263
4081
6758
4792
8449
4678
5615
1165
976
6485
5885
2461
145
1052
8226
6928
3034
5542
3131
6558
3187
3474
7862
9704
8822
4108
5809
5663
1919
2076
3323
8741
3673
6753
829
5565
2174
8594
8246
9363
250
7355
2607
4741
1307
9958
4182
7098
2865
9450
1454
3162
5234
3039
956
1788
6219
7053
5970
4340
8868
9952
9246
8899
3162
7144
8788
3391
222
2660
4753
4440
7295
3767
6307
5832
867
3121
8396
8864
9926
8711
2798
2468
622
160
3507
633
5797
9041
9346
5120
2624
3905
495
298
8108
3708
1578
4163
1169
790
6875
205
4696
7013
5866
1466
6731
5123
921
3097
8657
7106
4414
157
7153
6778
8276
3001
3637
8154
7593
1181
3313
9633
1816
3389
3272
6009
7724
7158
1542
4232
7694
9135
1835
2593
7772
3608
4294
2040
3901
673
8120
6249
6463
5518
9491
337
3144
1330
5431
8577
526
3015
3197
5694
6891
5063
5197
2476
8194
721
7399
3762
1555
4424
9411
5279
8321
4560
9005
4667
8707
1596
4253
6919
3061
7064
3169
6298
3898
2934
2865
6393
1726
2965
3706
4679
5938
6141
5701
2708
8411
1817
3846
3179
3274
4357
4693
2039
6106
4211
2016
8583
2324
764
9869
8930
8762
6277
2633
9826
1894
8898
8577
5259
7856
1005
2035
8590
718
4732
9341
2180
8858
6297
6256
6890
7749
1073
3645
8703
2371
1129
192
9687
918
4282
4069
962
3095
4775
5916
9660
3508
5874
814
9512
3239
8586
5323
2268
2321
6103
1321
1373
4869
9835
9724
6027
4508
2979
1180
7688
2631
3929
7455
764
8706
8890
4341
3574
6936
1073
5494
5942
8815
9680
8672
2984
5482
6743
3650
9162
5750
1376
6382
6267
9808
8818
4817
1082
4557
8041
6454
116
3595
8228
7029
9579
8418
50
805
4349
4245
1749
5331
1248
608
5379
2557
5189
1163
6740
544
7764
9328
2018
1938
1255
7546
1188
955
9887
4072
3258
9016
8894
4618
5377
2346
587
2651
9092
4565
5432
5937
9301
4917
4001
6044
5134
5659
4429
6261
9628
9918
7816
7497
8689
787
1577
6290
5773
2032
7230
9094
918
276
986
2732
6437
6629
5230
3032
1970
2537
2070
2175
5111
1827
27
7100
7936
5210
2412
5529
6526
3626
4444
3340
1199
1397
5928
4589
769
4296
6877
7060
7334
6338
5019
9025
3930
1268
9607
8504
428
1396
4291
7090
7848
5641
2385
6862
760
4476
8353
563
9620
1701
2567
7291
5831
7646
1532
5039
700
640
2262
7673
5660
5010
4840
8773
6807
1001
3169
6667
5602
3907
5101
5129
9335
7354
5492
5558
9011
9066
3829
6293
5942
6314
7440
5633
3771
7727
3194
6284
9736
4568
7803
9787
9134
6617
1429
2837
801
3612
55
9759
1306
1685
4960
5712
6600
7437
7956
8476
2153
5974
6027
1634
6811
5968
1730
9346
7569
9207
5001
9079
7807
6885
6931
1034
6103
5313
5995
2718
5924
2654
4757
5398
9010
4070
4987
4257
1353
1728
9032
6333
9771
4717
4130
3762
8540
6169
2975
3165
4886
2083
5267
1593
8610
975
1951
4421
4754
3925
9608
1286
1441
5238
2552
9499
1217
628
2623
2741
981
7473
7992
5841
174
8668
9307
3090
2754
3169
2494
9934
2338
2830
7831
3840
7386
3163
6788
8035
2118
566
9502
7428
2119
7745
4891
4533
2164
4631
2545
7911
3545
233
2184
7412
4091
9425
1418
9942
1667
8860
1666
1584
1431
9673
8948
8611
7406
8711
2112
8053
3840
4588
622
414
7971
563
3722
2429
3776
4774
925
8123
624
4582
6389
2105
645
418
9748
7960
1744
6845
6368
3258
8899
7917
5997
2445
8797
6280
7127
3453
2518
4491
4070
8957
9610
1769
9441
3527
5703
8989
6166
6893
7934
3543
960
6848
3284
6843
7965
6988
8962
4151
6309
6995
8219
7364
1515
53
4566
1276
3631
7496
7647
7472
5604
6132
511
7432
2494
8876
976
6221
2257
2755
679
9475
5323
5356
6956
9148
9161
1954
8314
138
4490
8366
8182
7075
737
2245
254
9388
8960
4426
5357
8669
9245
462
7938
4828
6336
5852
4348
9089
6011
2741
1894
3553
6315
8744
2041
6158
3096
5418
2115
1677
9182
7508
2982
7237
7950
3435
6695
248
8622
1588
7260
7830
7397
2009
229
4861
7417
2128
2812
3309
7605
9224
4127
1748
6472
4628
760
1992
204
4095
6292
3542
2310
3680
9487
1737
7479
700
